movieid,time,addition,time1
1672052,107,,107
1672111,108,,108
1672580,113,,113
1672716,96,,96
1673647,140,,140
1673647,Portugal:125,"(cut version)",125
1673658,98,,98
1673848,97,,97
1674388,103,,103
1674737,96,,96
1677011,104,,104
1677258,87,,87
1677346,87,,87
1677472,USA:18,,18
1677516,101,,101
1677631,141,,141
1677631,160,"(premiere cut)",160
1678036,116,,116
1678591,96,,96
1679029,103,,103
1679461,93,,93
1679507,82,,82
1679920,100,,100
1681633,110,,110
1681655,93,,93
1681655,USA:100,"(extended cut)",100
1682630,90,"(original version)",90
1682657,95,,95
1682692,105,,105
1682746,118,,118
1682922,123,,123
1684201,97,,97
1684430,121,,121
1684442,92,,92
1684486,95,,95
1684910,72,,72
1685241,69,,69
1685309,94,,94
1685405,115,,115
1685463,136,,136
1685493,30,,30
1685815,97,,97
1686071,105,,105
1686209,101,,101
1687181,Argentina:100,,100
1687181,Japan:96,,96
1687181,UK:96,,96
1687181,USA:100,,100
1687544,126,,126
1687544,"West Germany:104",,104
1687685,109,,109
1687730,100,,100
1687730,Argentina:105,,105
1687730,Germany:107,,107
1687730,Spain:105,,105
1687730,USA:108,,108
1687738,80,,80
1687738,Spain:83,,83
1687738,UK:79,"(DVD version)",79
1687738,USA:89,"(original version)",89
1687905,138,,138
1688103,108,,108
1688565,Argentina:96,,96
1688565,USA:96,,96
1689117,94,,94
1689183,78,,78
1689210,23,,23
1689263,60,,60
1689475,87,,87
1690318,89,,89
1690377,110,,110
1690377,Argentina:105,,105
1690377,USA:105,,105
1690616,128,,128
1690710,89,,89
1690710,UK:90,(DVD),90
1690773,103,,103
1690958,84,,84
1690958,Argentina:96,,96
1691077,97,,97
1691387,UK:100,,100
1691642,120,,120
1691685,Spain:98,,98
1691685,UK:99,,99
1691685,USA:99,,99
1691793,125,,125
1692173,116,,116
1692404,90,,90
1692580,92,,92
1692580,Germany:85,,85
1693225,82,,82
1693305,123,,123
1693305,Spain:114,,114
1693341,91,,91
1693345,96,,96
1693345,Portugal:88,"(cut version)",88
1693346,93,,93
1693346,99,(DVD),99
1693347,87,,87
1693348,89,,89
1693818,105,,105
1693861,107,,107
1693880,138,,138
1693880,Germany:125,"(TV version)",125
1694141,122,,122
1694448,117,,117
1694647,94,,94
1694901,128,,128
1695219,123,,123
1695355,UK:117,,117
1696148,121,,121
1696165,106,,106
1696168,89,,89
1696396,98,,98
1696473,127,,127
1696496,101,,101
1696789,111,,111
1697037,122,,122
1697037,USA:125,(re-release),125
1697674,108,,108
1697690,105,,105
1697774,90,,90
1697856,149,,149
1698492,90,,90
1698547,80,,80
1698547,USA:86,"(special edition)",86
1698667,131,,131
1698944,102,,102
1698960,117,,117
1698972,107,,107
1699546,USA:78,"(1976 release)",78
1699876,115,,115
1703410,97,,97
1703410,USA:105,"(Sundance Film Festival)",105
1703469,113,,113
1703588,96,,96
1703679,117,,117
1703907,121,,121
1704569,86,,86
1704569,Turkey:78,"(TV version)",78
1704571,90,,90
1704577,111,,111
1704645,98,,98
1705196,51,,51
1705417,96,,96
1706079,94,,94
1706140,100,,100
1706887,77,,77
1706887,Argentina:94,,94
1706887,Germany:94,"(DVD version)",94
1707277,102,,102
1707941,114,,114
1708591,32,,32
1708982,119,,119
1709238,128,,128
1709892,92,,92
1709901,98,,98
1710609,105,,105
1710622,102,"(final version)",102
1710622,109,"(original version)",109
1710622,Argentina:103,,103
1710622,Argentina:98,"(DVD version)",98
1710622,Australia:107,"(2000 re-release)",107
1710622,Norway:104,,104
1710622,UK:109,,109
1710673,118,,118
1710673,Argentina:120,,120
1710994,125,,125
1711133,113,,113
1711143,98,,98
1711145,90,,90
1711175,124,,124
1711356,92,,92
1711383,85,,85
1711384,88,,88
1711393,114,,114
1711395,137,,137
1711398,107,,107
1712152,124,,124
1713183,90,,90
1713499,109,,109
1713755,97,,97
1714481,96,"(copyright length)",96
1714991,124,,124
1714991,Spain:127,,127
1715025,75,,75
1715186,116,"(director's cut)",116
1715186,117,,117
1715253,85,,85
1715288,91,,91
1715380,109,,109
1715380,116,"(2003 Special Edition)",116
1715404,137,,137
1715404,USA:154,"(1992 special edition)",154
1715607,120,,120
1715793,138,,138
1716019,89,,89
1716020,82,,82
1716411,90,,90
1716452,138,"(copyright length)",138
1716452,Germany:136,,136
1716452,Spain:128,"(DVD edition)",128
1716452,UK:145,(cut),145
1716452,UK:147,"(BBFC submission before censorship)",147
1716452,USA:101,"(TV version)",101
1716452,USA:133,"(restored version: Library of Congress)",133
1716615,123,,123
1717077,110,"(copyright length)",110
1717117,99,,99
1717144,87,,87
1717455,99,,99
1717910,91,,91
1717910,Argentina:92,,92
1718318,122,,122
1718318,Croatia:152,"(DVD extended cut)",152
1718318,USA:162,"(director's cut)",162
1718342,90,,90
1718968,99,,99
1719502,110,"(Sony print)",110
1719502,116,,116
1719614,20,,20
1720040,160,,160
1720040,180,"(director's cut)",180
1720443,105,,105
1721568,122,,122
1721607,88,,88
1721750,98,,98
1721864,113,,113
1721888,117,,117
1721919,110,,110
1721919,112,"(re-release) (1978)",112
1721967,119,,119
1722098,107,,107
1722164,95,,95
1722174,87,,87
1722181,96,,96
1722198,102,,102
1722327,97,,97
1722395,88,,88
1722617,Canada:90,,90
1722617,USA:90,,90
1722761,155,,155
1722776,105,,105
1722776,UK:93,,93
1722777,104,,104
1723002,Argentina:93,,93
1723002,Japan:92,,92
1723002,Spain:94,,94
1723002,USA:93,,93
1723532,96,,96
1723532,Germany:92,,92
1724000,119,,119
1724037,86,,86
1724179,80,,80
1724180,75,,75
1724190,97,,97
1724190,Sweden:92,"(heavily cut)",92
1724193,105,,105
1724201,113,,113
1724413,112,,112
1724880,97,,97
1725437,83,,83
1725774,89,,89
1726761,103,,103
1726761,Argentina:109,,109
1726934,94,,94
1727017,103,,103
1727017,France:96,,96
1727082,160,,160
1727237,143,,143
1727237,USA:140,"(DVD version)",140
1727237,"West Germany:119",,119
1727348,100,,100
1727413,88,,88
1727885,Argentina:95,,95
1727885,Germany:90,,90
1727885,UK:94,,94
1727885,USA:94,,94
1728742,105,,105
1728802,113,,113
1728889,100,,100
1728889,"West Germany:95",,95
1728948,100,,100
1728948,Canada:101,(Ontario),101
1728948,USA:120,"(TCM Print)",120
1729005,99,,99
1729026,145,,145
1729240,116,,116
1729260,102,,102
1729569,90,,90
1729579,88,,88
1729818,109,,109
1730566,108,,108
1730640,148,,148
1730836,122,,122
1730975,93,,93
1731412,101,,101
1731505,90,,90
1731582,108,,108
1732344,102,,102
1732496,83,,83
1732658,150,,150
1732658,USA:156,"(director's cut)",156
1732858,114,,114
1733111,110,,110
1733479,153,,153
1733479,202,"(Redux version)",202
1733566,140,,140
1733566,256,"(Anniversary Edition IMAX version)",256
1733566,280,"(Universal's 100th Anniversary Blu-Ray Edition)",280
1734162,89,,89
1734321,111,,111
1734321,Argentina:112,,112
1734369,105,,105
1734803,103,,103
1735791,106,,106
1736211,117,,117
1736268,151,,151
1736268,USA:153,"(director's cut)",153
1736362,88,,88
1736362,Spain:83,"(DVD edition)",83
1736592,81,,81
1736592,96,"(director's cut)",96
1736592,UK:86,(approx),86
1736794,120,,120
1737340,118,,118
1737713,Argentina:97,,97
1737713,France:98,,98
1737766,97,,97
1738481,139,,139
1739234,98,,98
1740732,105,,105
1740732,88,(DVD),88
1740752,132,,132
1740811,91,,91
1741487,78,,78
1741682,128,,128
1742509,104,,104
1743028,83,,83
1743028,90,"(director's cut)",90
1743689,96,,96
1743852,113,,113
1744178,94,,94
1744391,143,,143
1744809,94,,94
1744809,Turkey:68,"(TV version)",68
1744809,USA:89,,89
1744811,95,,95
1745373,UK:15,,15
1745406,103,,103
1745530,91,,91
1746382,121,,121
1746829,145,,145
1747382,105,,105
1747382,USA:75,,75
1747494,91,,91
1747494,USA:92,"(Encore print)",92
1747545,92,,92
1747649,103,,103
1747899,171,,171
1748196,89,,89
1748219,97,,97
1748315,77,,77
1748315,USA:73,(re-release),73
1748317,106,,106
1748754,97,,97
1748996,95,,95
1748996,USA:51,"(TV version)",51
1749026,109,,109
1749222,89,,89
1749247,105,,105
1749683,96,,96
1749731,116,,116
1749735,108,,108
1749737,118,,118
1749806,100,,100
1749891,137,,137
1750364,118,,118
1750424,108,,108
1750510,99,,99
1750660,91,"(R-rated version)",91
1750660,96,,96
1750728,80,,80
1750816,91,,91
1750816,Australia:86,"(1989 video release)",86
1750816,Belgium:98,"(DVD version)",98
1751059,85,,85
1751071,94,,94
1751872,119,,119
1753266,USA:78,,78
1753348,70,,70
1753348,"West Germany:65",,65
1753400,135,,135
1753578,82,,82
1753695,109,,109
1753837,119,,119
1753860,110,,110
1754754,96,,96
1754799,98,,98
1754799,USA:100,"(unrated version)",100
1754884,98,,98
1755112,101,,101
1755524,106,,106
1755813,89,,89
1756051,76,,76
1756391,184,,184
1756768,127,,127
1756768,USA:128,"(unrated version)",128
1756902,108,,108
1756980,97,,97
1757342,125,,125
1757347,126,,126
1757367,121,,121
1757378,126,,126
1757423,76,,76
1757465,90,,90
1757485,91,,91
1757698,93,,93
1757698,UK:86,,86
1757698,USA:96,"(extended version)",96
1757893,118,,118
1757893,"South Korea:95",,95
1757893,USA:119,"(video version)",119
1758003,77,,77
1758003,Spain:61,,61
1758767,101,,101
1758767,Germany:94,(TV),94
1758856,85,,85
1758856,Canada:85,"(DVD version)",85
1759189,89,,89
1759448,112,,112
1759573,112,,112
1759654,107,,107
1759685,90,,90
1759851,84,,84
1759851,91,"(special edition)",91
1759983,81,,81
1760306,87,,87
1760386,117,,117
1760386,99,"(re-release) (1980)",99
1760386,Germany:89,,89
1760386,USA:139,"(restored version) (1996)",139
1760449,96,,96
1760586,Netherlands:93,,93
1760586,USA:97,,97
1760752,92,,92
1760876,105,,105
1760927,108,,108
1760978,113,,113
1762161,122,,122
1762174,112,,112
1762229,130,,130
1762644,103,,103
1762654,106,,106
1762853,101,,101
1763019,96,,96
1763083,172,,172
1763465,212,,212
1763465,214,"(DVD edition)",214
1763465,222,"(2005 DVD)",222
1763465,Sweden:219,(1970),219
1763465,Sweden:224,(1962),224
1763465,UK:222,"(1993 re-release)",222
1763653,95,,95
1763877,86,,86
1763883,88,,88
1763910,98,,98
1763974,105,,105
1764861,93,,93
1765082,92,,92
1765108,90,,90
1765164,90,,90
1765347,90,,90
1765652,127,,127
1765652,Argentina:126,,126
1765787,95,,95
1765789,85,,85
1765811,97,,97
1765827,101,,101
1765827,USA:102,"(unrated version)",102
1766407,104,,104
1766427,88,,88
1766668,89,,89
1766849,100,,100
1766849,Turkey:93,"(TV version)",93
1767110,102,,102
1767110,USA:108,"(director's cut)",108
1767151,114,,114
1767537,101,,101
1768211,91,,91
1768211,Spain:96,,96
1768389,132,,132
1768698,104,,104
1768698,130,"(extended edition)",130
1769145,90,,90
1769408,93,,93
1769516,73,,73
1769766,98,,98
1769840,107,,107
1770285,99,,99
1770807,99,,99
1771528,89,,89
1771672,USA:92,,92
1771673,92,,92
1771673,UK:89,(video),89
1772092,88,,88
1772092,Argentina:95,,95
1772092,Germany:91,,91
1772497,105,,105
1772500,110,,110
1772651,120,,120
1772934,280,"(director's cut)",280
1772934,Argentina:179,,179
1772934,Germany:179,,179
1772934,Spain:179,,179
1772934,Sweden:158,,158
1772934,USA:158,,158
1773358,139,,139
1773358,Argentina:119,,119
1773436,82,,82
1773944,88,,88
1774349,89,,89
1775245,87,,87
1775382,75,,75
1775747,106,,106
1775854,85,,85
1776052,120,,120
1776052,Germany:110,"(cut version)",110
1776063,117,,117
1776173,100,,100
1776338,93,,93
1776407,112,,112
1776556,93,,93
1776732,107,,107
1776893,95,,95
1777297,106,,106
1777374,103,,103
1777932,92,,92
1778025,67,,67
1778025,USA:58,"(edited version)",58
1778258,96,"(director's cut)",96
1778258,99,,99
1778411,101,,101
1778413,103,,103
1778413,Argentina:108,,108
1778413,USA:106,,106
1778514,94,"(TCM print)",94
1778514,98,,98
1778536,87,,87
1778697,92,,92
1778699,90,,90
1778699,Germany:71,"(cut version)",71
1779176,121,,121
1779201,111,,111
1779349,108,,108
1779361,114,,114
1779474,102,,102
1779528,90,,90
1779735,101,,101
1779757,93,,93
1779835,120,,120
1779868,83,,83
1779914,70,(DVD),70
1779914,72,"(copyright length)",72
1780022,123,,123
1780595,102,,102
1780992,106,,106
1780992,Argentina:106,"(Mar del Plata Film Festival)",106
1780992,Germany:103,"(cut version)",103
1781241,113,,113
1781241,Argentina:113,,113
1781274,88,,88
1781295,106,,106
1781295,USA:103,"(R-rated version)",103
1781295,USA:106,"(unrated version)",106
1781303,87,,87
1781518,110,,110
1781597,120,,120
1781603,73,,73
1783029,112,,112
1783282,155,,155
1783500,117,,117
1783641,Australia:95,,95
1783641,Germany:93,,93
1783641,Japan:95,,95
1783685,79,,79
1783892,87,,87
1783892,Germany:72,"(cut version)",72
1784129,105,,105
1784206,97,,97
1784206,Germany:85,,85
1784206,USA:95,,95
1784275,103,,103
1784416,88,,88
1784877,91,,91
1784877,Argentina:95,,95
1785170,108,,108
1785170,USA:109,"(unrated version)",109
1785251,180,,180
1785251,330,"(original cut)",330
1785251,USA:190,"(director's cut)",190
1785265,147,,147
1785265,Sweden:120,,120
1785529,97,,97
1785529,Turkey:85,"(TV version)",85
1785755,107,,107
1786099,86,,86
1786124,118,,118
1786136,74,,74
1786142,91,,91
1786183,94,,94
1786236,115,,115
1786413,101,,101
1786413,Sweden:88,"(VHS version)",88
1786413,"West Germany:83","(cut version)",83
1786566,104,,104
1786566,Argentina:99,,99
1786566,Finland:92,"(cut version) (1992) (1993)",92
1786566,Germany:80,"(FSK 16 version)",80
1786566,Germany:94,,94
1786566,"South Korea:85","(heavily cut)",85
1786566,Spain:99,"(DVD edition)",99
1786566,USA:85,"(R-rated version)",85
1786566,USA:97,"(unrated version)",97
1786921,107,,107
1787090,177,,177
1787149,132,,132
1787149,142,"(director's cut)",142
1787149,142,"(theatrical version)",142
1787149,USA:94,"(edited version)",94
1787428,40,,40
1787511,115,,115
1787525,110,,110
1787603,101,,101
1787911,159,,159
1787911,USA:153,"(director's cut)",153
1788154,90,,90
1788165,100,,100
1788314,93,,93
1788621,89,,89
1788624,75,,75
1788628,96,,96
1788636,69,,69
1788817,86,,86
1789015,108,,108
1789145,98,,98
1789259,121,,121
1789269,102,,102
1789269,"West Germany:94",,94
1789511,USA:61,,61
1789692,133,,133
1789747,110,,110
1789910,100,,100
1790007,108,,108
1790082,92,,92
1790311,90,,90
1790523,116,,116
1790523,Argentina:119,,119
1790530,72,"(17 fps) (Blu-ray)",72
1790530,75,,75
1790530,Argentina:80,,80
1790530,Spain:68,"(DVD edition)",68
1790530,Spain:70,,70
1790530,Spain:77,,77
1790530,USA:66,,66
1790753,Sweden:109,,109
1790753,USA:103,,103
1790780,115,,115
1790984,102,,102
1791085,104,,104
1792102,102,,102
1792218,83,,83
1792218,Argentina:90,,90
1792281,83,,83
1792349,84,,84
1792349,Argentina:90,,90
1792363,105,,105
1792523,105,,105
1792625,110,,110
1792713,86,,86
1793297,108,,108
1793433,84,,84
1793451,98,,98
1793604,108,,108
1794215,102,,102
1794255,103,,103
1794772,116,,116
1795157,90,,90
1795427,94,,94
1795631,85,,85
1795698,110,,110
1795997,88,,88
1796704,106,,106
1796731,Sweden:104,,104
1796731,UK:105,,105
1797310,106,,106
1797365,165,"(international version)",165
1797365,Finland:137,(1970),137
1797365,Italy:175,,175
1797386,95,,95
1797386,USA:92,"(edited version)",92
1798275,124,,124
1798372,80,,80
1798632,98,,98
1799339,90,,90
1799603,51,,51
1801311,100,,100
1801311,Argentina:101,,101
1801574,91,,91
1801936,101,,101
1802055,99,,99
1802058,93,,93
1802287,93,,93
1802287,"South Korea:85","(heavily cut)",85
1802287,UK:86,"(heavily cut)",86
1802676,105,,105
1802677,128,,128
1803115,117,,117
1803357,100,,100
1803905,87,,87
1803921,100,,100
1804232,144,,144
1804427,152,,152
1804484,91,,91
1804630,98,,98
1804779,103,,103
1804898,78,,78
1804898,91,"(original version)",91
1804898,USA:84,"(director's cut)",84
1804923,83,,83
1804924,83,,83
1804925,85,,85
1804947,100,,100
1805163,89,,89
1805225,98,,98
1805246,109,,109
1805273,121,,121
1805799,102,,102
1805799,"West Germany:82","(cut version)",82
1806151,178,,178
1806217,100,,100
1806794,97,,97
1806845,118,,118
1806896,108,,108
1806914,94,,94
1806940,2,,2
1807303,119,,119
1807444,75,,75
1807562,110,,110
1807604,97,,97
1807863,110,,110
1808298,87,,87
1808524,113,,113
1808524,Argentina:113,,113
1808813,91,,91
1809047,115,,115
1809149,113,,113
1809149,Canada:115,,115
1809149,Finland:110,,110
1809149,Germany:108,,108
1809149,Netherlands:108,,108
1809197,112,,112
1809431,105,,105
1809724,122,,122
1809864,91,,91
1809984,107,,107
1809998,Sweden:96,,96
1809998,USA:98,,98
1810092,Germany:92,,92
1810092,USA:95,,95
1810470,86,,86
1810470,UK:106,"(theatrical version) (2012)",106
1811382,104,,104
1811626,113,,113
1811722,124,,124
1812202,75,,75
1812202,USA:90,"(Encore print)",90
1812255,94,,94
1812339,87,,87
1812450,102,,102
1812490,113,,113
1813663,83,,83
1815267,84,,84
1815901,87,,87
1815914,84,,84
1815915,90,,90
1816153,119,,119
1816171,92,,92
1816175,92,,92
1816176,92,,92
1816182,90,,90
1816238,101,,101
1816379,102,,102
1816691,130,,130
1816742,99,,99
1817535,90,,90
1817898,77,,77
1817898,USA:95,"(original release)",95
1818342,110,,110
1818562,97,,97
1819155,96,,96
1819411,102,"(international version)",102
1819411,"Hong Kong:98",,98
1819870,207,,207
1819870,USA:100,"(second release)",100
1819870,USA:108,"(first release)",108
1819870,USA:204,"(1966 re-issue)",204
1820147,97,,97
1820288,123,,123
1820400,74,,74
1821008,103,,103
1821229,95,,95
1821599,119,,119
1821619,106,,106
1821739,111,,111
1821769,87,,87
1821807,116,,116
1821852,114,,114
1821917,97,,97
1822415,Netherlands:108,,108
1822415,USA:108,,108
1822607,98,,98
1822639,84,,84
1822675,85,,85
1822675,Japan:96,,96
1822675,Sweden:76,"(TV version)",76
1823008,104,,104
1823101,107,,107
1823223,141,,141
1823361,92,,92
1823361,Turkey:87,"(TV version)",87
1823361,USA:102,"(extended version)",102
1823486,112,,112
1823740,128,,128
1823740,Argentina:129,,129
1823753,96,,96
1823865,132,"(special edition)",132
1823865,135,"(original version)",135
1823865,137,"(director's cut)",137
1824605,Brazil:94,,94
1824615,94,,94
1824615,Sweden:97,,97
1824623,97,,97
1824685,90,,90
1824923,128,,128
1824929,70,,70
1824929,75,,75
1825343,117,,117
1825348,116,,116
1825348,UK:115,,115
1826286,92,,92
1826962,79,,79
1827008,121,,121
1827008,Argentina:133,,133
1827008,USA:140,"(director's cut)",140
1827432,113,,113
1827432,Belgium:104,"(video version)",104
1827800,133,"(FMC Library Print)",133
1827800,138,,138
1828055,Germany:126,,126
1828055,USA:115,,115
1828413,110,,110
1828447,127,,127
1828716,88,,88
1829030,77,,77
1829152,98,,98
1829152,Argentina:108,,108
1829152,Australia:106,,106
1829152,Spain:83,,83
1829152,USA:108,"(unrated version)",108
1829153,Germany:106,(video),106
1829153,Netherlands:101,,101
1829153,USA:107,,107
1829283,105,,105
1829283,Mexico:113,"(R Rated NTSC Version)",113
1829882,115,,115
1829882,USA:123,"(extended version)",123
1830096,129,,129
1830116,85,,85
1830497,83,,83
1830531,90,,90
1830564,88,,88
1831084,109,,109
1831363,88,,88
1831593,135,,135
1831790,150,,150
1831904,112,,112
1832668,93,,93
1832720,118,,118
1832832,126,,126
1832852,98,,98
1832872,91,,91
1832956,104,,104
1832956,120,"(extended director's cut)",120
1832956,USA:116,"(director's cut)",116
1833143,93,,93
1833175,123,,123
1833995,115,,115
1834154,80,,80
1834266,Argentina:102,,102
1834266,Spain:103,,103
1834266,USA:100,,100
1834423,77,,77
1834632,124,,124
1835117,105,,105
1835175,118,,118
1835175,USA:107,"(dvd release) (IFC library print)",107
1835296,128,,128
1835442,117,,117
1835618,108,,108
1836147,100,,100
1836147,107,"(director's cut)",107
1836375,132,,132
1836516,100,,100
1836516,90,"(R-rated version)",90
1836984,111,,111
1837319,76,,76
1837323,5,,5
1837340,79,,79
1837467,120,,120
1837467,USA:130,"(approx.) (Original Workprint)",130
1837469,92,,92
1837469,UK:85,"(UK video version)",85
1837764,100,,100
1837764,Spain:98,,98
1837962,104,,104
1837991,105,,105
1837991,Germany:100,,100
1838160,116,,116
1838160,USA:123,"(extended version)",123
1838360,107,,107
1838411,127,,127
1838411,Germany:123,"(DVD version)",123
1838481,93,(DVD),93
1838481,97,,97
1838568,94,,94
1838619,115,,115
1838773,132,,132
1838773,USA:119,,119
1838850,86,,86
1839137,94,,94
1839137,Argentina:94,,94
1839137,Poland:91,,91
1839311,97,,97
1839442,119,,119
1839754,106,,106
1840524,90,,90
1840882,93,,93
1841896,88,,88
1842301,74,,74
1842580,109,,109
1842584,124,,124
1843039,137,,137
1843756,106,,106
1843757,104,,104
1844312,125,,125
1844854,80,,80
1844997,93,,93
1845075,UK:138,,138
1846390,107,,107
1846990,126,,126
1847035,Taiwan:98,,98
1847048,140,,140
1847051,97,,97
1847080,(None):236,"(DVD special edition)",236
1847080,181,,181
1847080,USA:224,"(extended version)",224
1847080,USA:236,"(director's cut)",236
1847235,95,,95
1847595,111,,111
1847692,108,"(Unrated Director's Cut)",108
1847699,95,,95
1847722,119,,119
1847739,99,,99
1848628,108,,108
1848859,93,,93
1849147,100,,100
1849147,111,"(director's cut)",111
1849156,94,,94
1849156,UK:90,,90
1850182,149,,149
1850182,209,"(director's cut)",209
1851750,86,,86
1851871,Argentina:115,,115
1851871,Germany:115,,115
1851871,UK:116,,116
1852854,105,,105
1852976,71,,71
1853052,UK:112,,112
1853104,110,,110
1853531,93,,93
1853531,USA:150,"(TV version) (3 parts)",150
1854045,114,,114
1854142,94,,94
1854166,107,,107
1854233,102,,102
1854918,Argentina:106,,106
1854918,Germany:98,,98
1854918,UK:105,,105
1854918,USA:102,,102
1856252,107,,107
1856325,96,,96
1856325,Turkey:83,"(TV version)",83
1856595,121,,121
1856595,Argentina:120,,120
1856595,Australia:115,,115
1856608,122,,122
1856613,96,,96
1856672,88,,88
1856727,128,,128
1856731,119,,119
1856763,116,,116
1856939,91,,91
1857326,91,,91
1857496,93,,93
1857769,112,,112
1857796,82,,82
1858038,104,,104
1858357,93,,93
1858361,92,,92
1858362,99,,99
1858362,Finland:91,"(cut version)",91
1858362,Norway:94,,94
1858363,88,,88
1858363,Greece:95,"(uncut version)",95
1858364,95,,95
1858396,103,,103
1858463,109,,109
1859092,106,,106
1859092,Germany:93,"(TV version)",93
1859351,96,,96
1859542,105,,105
1859617,120,,120
1859753,106,,106
1859753,Germany:97,,97
1860181,112,,112
1860327,92,,92
1860806,99,,99
1861004,110,,110
1861112,105,,105
1861202,102,(uncut),102
1861202,99,"(edited version)",99
1861514,115,,115
1862412,80,,80
1864055,128,,128
1864846,130,,130
1866000,118,,118
1866391,93,,93
1866400,108,(cut),108
1866400,124,,124
1866400,UK:106,,106
1866400,USA:107,"(TCM print)",107
1866400,USA:94,"(English version)",94
1867752,86,,86
1868310,105,,105
1868312,90,,90
1868452,97,,97
1868890,104,,104
1869010,100,,100
1869092,104,,104
1869304,92,,92
1869461,102,,102
1869771,96,,96
1870038,104,,104
1870132,106,,106
1870151,95,,95
1870221,88,,88
1870751,USA:77,,77
1870798,102,,102
1871727,107,,107
1871833,105,,105
1871833,Portugal:88,,88
1872091,91,,91
1872587,94,,94
1872662,Argentina:101,,101
1872662,Finland:101,,101
1872662,Germany:101,,101
1872662,USA:105,,105
1873263,142,,142
1873263,Germany:162,"(director's cut)",162
1874279,131,,131
1874284,124,,124
1874295,131,,131
1875013,180,,180
1875764,108,,108
1875962,95,,95
1875962,Argentina:95,"(Mar del Plata Film Festival)",95
1876090,55,,55
1876090,81,,81
1876090,USA:130,,130
1878227,93,,93
1878537,97,,97
1878537,USA:92,,92
1878658,1,,1
1878669,UK:88,,88
1878669,USA:82,,82
1879298,110,,110
1879358,109,,109
1879599,82,,82
1879793,111,,111
1879793,124,"(extended version)",124
1879793,Australia:96,,96
1879793,Taiwan:141,,141
1879793,USA:104,"(R-rated version)",104
1880202,USA:100,,100
1880648,82,,82
1880846,128,,128
1881802,84,,84
1881868,France:117,,117
1881868,USA:123,,123
1883153,120,,120
1883527,145,"(FMC Library Print)",145
1883527,152,,152
1883528,85,,85
1883660,197,,197
1883660,UK:192,"(1999 re-release)",192
1883660,UK:193,,193
1883660,UK:200,"(1992 re-release)",200
1883995,125,,125
1883995,Finland:131,(1975),131
1884087,91,,91
1884286,130,,130
1885039,132,,132
1885177,France:136,"(DVD version)",136
1885177,Yugoslavia:270,"(extended version)",270
1885734,97,,97
1886005,89,,89
1886005,94,"(2005 unrated)",94
1886830,90,,90
1886830,Canada:94,,94
1886830,Netherlands:94,,94
1887066,127,,127
1887066,147,"(extended cut)",147
1888102,108,,108
1888780,87,,87
1888811,107,,107
1888811,Argentina:110,,110
1888811,Canada:90,(Ontario),90
1888823,105,,105
1889009,93,,93
1889253,77,,77
1889491,92,,92
1889579,107,,107
1889621,112,,112
1889788,91,,91
1889850,106,"(theatrical version) (2012)",106
1889850,80,,80
1889850,USA:74,,74
1890357,110,,110
1890437,95,,95
1890515,75,"(corrected release length)",75
1890516,82,,82
1890522,128,,128
1890588,88,,88
1890829,103,,103
1891484,57,,57
1891605,90,,90
1891649,97,,97
1891803,92,,92
1892010,99,,99
1892794,91,,91
1892991,99,,99
1893207,103,,103
1893210,97,,97
1893245,101,,101
1893343,96,,96
1893483,102,,102
1893657,90,,90
1894338,68,,68
1894453,77,,77
1894619,USA:129,,129
1894619,USA:144,"(roadshow version)",144
1894619,"West Germany:138",,138
1894753,112,,112
1895102,107,,107
1895102,USA:113,"(unrated version)",113
1895159,64,,64
1895286,137,,137
1895286,177,"(extended cut)",177
1895286,314,"(Extended Edition)",314
1895286,USA:190,"(special edition)",190
1895298,100,,100
1895298,93,"(Redux version)",93
1895425,88,,88
1895463,96,,96
1895463,France:96,,96
1895463,Germany:96,,96
1895463,"Hong Kong:97",,97
1896345,111,,111
1896980,117,,117
1897539,132,,132
1897539,Argentina:128,,128
1897539,Sweden:118,,118
1897539,USA:128,,128
1897778,115,,115
1897778,USA:120,"(extended version)",120
1898323,83,,83
1898372,123,,123
1898372,Canada:121,(Ontario),121
1898372,USA:160,"(TV version)",160
1898449,96,,96
1898539,115,,115
1898779,95,,95
1898814,95,,95
1898834,80,,80
1898834,89,"(Hypercube restored version)",89
1898971,91,,91
1898971,UK:87,,87
1899474,102,,102
1899694,94,,94
1899730,127,,127
1899741,88,,88
1899769,100,,100
1899880,France:13,,13
1900069,99,,99
1900069,Australia:103,,103
1900319,122,,122
1900465,105,,105
1901554,92,,92
1903954,140,,140
1904083,88,,88
1904548,151,,151
1904548,Argentina:147,,147
1904704,100,,100
1904704,Argentina:108,,108
1906242,103,,103
1906242,USA:99,,99
1907821,81,,81
1910848,103,,103
1911817,124,,124
1912439,86,,86
1913354,121,,121
1913354,Canada:94,(Ontario),94
1913703,90,,90
1913703,USA:107,"(special extended edition)",107
1914108,France:89,,89
1914108,Germany:88,,88
1914108,USA:84,,84
1914192,90,,90
1915247,95,,95
1915291,88,,88
1915498,121,,121
1915861,83,,83
1915987,132,,132
1915987,USA:140,"(extended version)",140
1916996,Canada:110,,110
1916996,USA:112,"(Encore-True Stories Library print)",112
1917129,113,,113
1918307,115,,115
1918312,85,,85
1918615,131,,131
1919846,101,,101
1919853,99,,99
1919898,98,,98
1919947,97,,97
1920973,121,,121
1921463,95,,95
1921463,USA:90,,90
1922080,UK:102,,102
1922571,95,,95
1923001,109,,109
1923072,USA:95,(DVD),95
1923165,96,,96
1923244,121,,121
1923287,44,,44
1923531,15,,15
1923821,101,,101
1923955,110,,110
1923981,88,,88
1924384,135,,135
1924700,140,,140
1924700,USA:119,"(edited version)",119
1924755,101,,101
1924959,133,,133
1925337,113,,113
1925449,118,,118
1925477,103,,103
1925610,USA:80,,80
1926507,118,,118
1926668,89,,89
1926854,101,,101
1926866,109,,109
1927003,159,,159
1927021,104,,104
1927338,109,,109
1927339,108,,108
1927950,138,,138
1928609,91,,91
1928755,99,,99
1928940,91,,91
1929146,89,,89
1929151,93,,93
1929205,88,,88
1929205,Argentina:103,,103
1929262,124,,124
1929431,113,,113
1929514,103,,103
1930227,120,,120
1930572,91,,91
1930730,188,,188
1930730,Sweden:312,"(director's cut)",312
1930793,USA:118,"(VHS version)",118
1930793,USA:124,"(restored roadshow version)",124
1930793,USA:125,"(original release)",125
1930793,USA:80,"(cut version)",80
1930810,USA:74,,74
1930942,100,,100
1931213,140,,140
1931235,81,,81
1931489,98,,98
1931497,111,,111
1931607,97,,97
1932160,90,,90
1932207,80,,80
1932235,83,,83
1932389,119,,119
1932393,104,,104
1932451,91,,91
1932817,92,,92
1932819,106,,106
1932958,98,,98
1933191,97,,97
1933254,82,,82
1933254,USA:89,"(extended version)",89
1933459,97,,97
1933552,118,,118
1933599,88,,88
1933633,122,,122
1933702,116,,116
1933830,97,,97
1934075,99,,99
1934260,106,,106
1934260,USA:80,,80
1934260,USA:92,"(DVD version)",92
1934406,116,,116
1934787,119,,119
1935106,130,,130
1935106,Argentina:132,,132
1935106,Sweden:115,,115
1935106,UK:127,,127
1935417,103,,103
1935619,105,,105
1936069,102,,102
1936394,107,,107
1936478,93,,93
1936800,139,,139
1938005,112,,112
1938142,98,,98
1938743,95,,95
1939369,105,,105
1939525,72,,72
1939666,103,,103
1939754,114,,114
1939754,Germany:101,,101
1939762,89,,89
1939775,104,,104
1939900,93,,93
1940096,101,,101
1940121,134,,134
1940174,94,,94
1941011,158,,158
1941100,98,,98
1941271,USA:82,,82
1941902,95,,95
1942017,115,,115
1942017,Finland:110,,110
1942058,112,,112
1942083,98,,98
1942083,USA:105,"(original cut)",105
1942223,126,,126
1942223,Germany:116,"(TV version)",116
1942296,98,,98
1942299,95,,95
1942625,90,,90
1942758,95,,95
1942787,85,,85
1942828,92,,92
1942898,90,,90
1943470,93,,93
1943470,Spain:90,"(DVD edition)",90
1943586,96,,96
1943718,107,,107
1943961,102,,102
1943961,"West Germany:90",,90
1944510,69,,69
1944862,84,,84
1944905,109,,109
1945150,107,,107
1945248,80,,80
1945371,84,,84
1945579,137,,137
1945589,96,,96
1945700,115,,115
1945816,170,,170
1945816,USA:134,(re-release),134
1945816,USA:168,"(restored version)",168
1945816,"West Germany:130",,130
1945855,127,,127
1946023,85,,85
1946107,USA:120,,120
1946327,98,,98
1946379,118,,118
1946379,126,"(restored version)",126
1946397,78,,78
1946463,105,,105
1946562,120,,120
1946562,Spain:115,,115
1946562,"West Germany:98","(cut version) (uncut version: 120')",98
1946595,90,,90
1946833,102,,102
1946963,101,,101
1947355,142,,142
1948277,98,,98
1948340,117,,117
1948561,102,,102
1949144,140,,140
1949444,89,,89
1949502,70,,70
1949508,123,,123
1949526,74,,74
1949624,101,,101
1949624,Germany:100,,100
1950286,95,,95
1950466,89,,89
1950466,USA:105,"(original release)",105
1950466,USA:93,"(TV version)",93
1950577,113,,113
1950577,121,"(extended version)",121
1950688,112,,112
1950689,95,,95
1950690,86,,86
1950946,110,,110
1951003,110,,110
1951003,Australia:97,,97
1951003,France:102,,102
1951003,USA:102,"(cut version)",102
1951279,111,,111
1951390,116,,116
1951397,118,,118
1951417,108,,108
1951428,114,,114
1951931,91,,91
1951931,97,"(director's cut)",97
1951984,95,,95
1951988,87,,87
1951989,95,,95
1951989,Sweden:91,"(2002 re-rating)",91
1951990,88,,88
1951991,100,,100
1951993,92,,92
1952001,91,,91
1952001,USA:97,"(uncut version)",97
1952054,130,,130
1952054,137,"(extended version)",137
1952201,Argentina:103,,103
1952201,USA:103,,103
1952386,106,,106
1952391,104,,104
1952490,Germany:88,,88
1952676,108,,108
1952847,108,,108
1952923,118,,118
1953106,115,,115
1953354,(None):111,,111
1953362,97,,97
1953362,Japan:100,,100
1955153,116,,116
1955231,97,,97
1955340,70,,70
1955728,128,,128
1955747,103,,103
1955750,101,,101
1957176,104,,104
1957184,125,,125
1957472,75,,75
1957472,Japan:73,,73
1958267,102,,102
1959117,191,,191
1959300,102,,102
1960531,114,,114
1960768,106,,106
1961185,104,,104
1962315,87,,87
1963038,118,,118
1963417,92,,92
1963479,115,,115
1963756,160,,160
1963756,"South Korea:144",,144
1963794,115,,115
1964069,82,,82
1964073,112,,112
1964073,"West Germany:103","(cut version)",103
1964074,102,,102
1964200,78,,78
1964209,108,,108
1964242,105,,105
1964339,120,,120
1964467,91,,91
1964503,109,,109
1965214,127,,127
1965236,105,,105
1965261,116,,116
1965516,108,,108
1965632,130,,130
1965850,201,,201
1966241,115,"(Turner library print) (copyright length)",115
1966349,110,,110
1966580,"Hong Kong:107",,107
1966580,USA:88,,88
1966583,95,,95
1966583,Spain:87,"(DVD edition) (US version)",87
1966583,USA:91,,91
1967074,108,,108
1967290,89,,89
1967379,127,,127
1967389,110,,110
1967955,90,,90
1968813,155,,155
1968813,171,"(Extended Edition)",171
1969187,61,(cut),61
1969187,65,,65
1969187,68,"(DVD version)",68
1969187,74,"(1982 re-issue)",74
1969187,Argentina:56,,56
1969197,100,,100
1969753,108,,108
1969851,122,,122
1969868,100,,100
1970159,102,,102
1970215,83,,83
1970300,81,,81
1970338,68,,68
1970338,USA:76,"(22 fps)",76
1970505,90,,90
1970696,85,,85
1971093,105,,105
1971149,139,,139
1971464,126,,126
1971706,96,,96
1971706,"West Germany:83",,83
1971707,Germany:82,,82
1971707,Japan:103,,103
1971707,USA:87,,87
1971712,99,,99
1971712,Japan:107,,107
1971929,94,,94
1971929,"New Zealand:91",,91
1971929,USA:93,,93
1972108,95,,95
1972287,130,,130
1972324,110,,110
1972807,94,,94
1972854,105,,105
1972854,Spain:93,"(DVD edition)",93
1972884,226,"(copyright length)",226
1972884,238,,238
1972884,Sweden:223,"(1969 re-release)",223
1972884,Sweden:234,"(1985 re-release)",234
1972884,UK:224,"(1994 re-release)",224
1972884,UK:233,"(1989 re-release)",233
1973432,121,,121
1973625,126,,126
1973808,102,,102
1973922,146,,146
1974272,USA:90,,90
1974519,USA:125,,125
1974724,87,,87
1974984,100,,100
1974984,Argentina:107,,107
1974984,Canada:102,,102
1974984,Germany:106,,106
1975181,116,,116
1975609,134,,134
1975664,112,"(Turner library print)",112
1976109,97,,97
1976319,10,,10
1976454,89,,89
1976610,110,,110
1976612,115,,115
1976643,91,,91
1976643,Argentina:91,"(Buenos Aires Festival Internacional de Cine Independiente)",91
1976777,111,,111
1977589,106,,106
1977592,106,,106
1977857,91,,91
1978263,86,,86
1978309,107,,107
1978312,92,,92
1978415,101,,101
1978778,101,,101
1978782,103,,103
1979111,105,,105
1979447,108,,108
1979839,107,,107
1979883,104,,104
1980073,76,,76
1980149,90,,90
1980149,USA:77,"(Director's Cut DVD)",77
1980267,101,,101
1980412,112,,112
1980412,USA:111,,111
1981072,91,,91
1981170,150,,150
1981170,152,"(with overture and exit music)",152
1981506,143,,143
1982133,98,,98
1982133,Portugal:93,,93
1982903,107,,107
1983455,92,,92
1983617,96,,96
1983617,USA:90,,90
1983859,82,,82
1984278,91,,91
1984278,USA:101,"(extended version)",101
1984283,88,,88
1984284,96,,96
1984305,86,,86
1984320,92,,92
1984320,Sweden:90,(cut),90
1984323,98,,98
1984372,88,,88
1984372,USA:96,"(producer's cut)",96
1984593,94,,94
1984763,155,,155
1984785,130,,130
1984792,150,"(cut version)",150
1984792,242,,242
1984793,112,,112
1985138,103,,103
1985443,98,,98
1985576,98,,98
1985642,114,,114
1985755,94,,94
1985793,France:117,(DVD),117
1985793,USA:134,"(Turner library print)",134
1986482,134,,134
1986845,92,,92
1986848,97,,97
1986848,USA:95,"(2005 DVD release)",95
1987126,98,,98
1987387,92,,92
1987547,92,"(Nordisk Film DVD version FI SE NO DE)",92
1987547,97,,97
1987607,116,"(Director's Cut)",116
1987607,128,"(Workprint Version)",128
1987607,97,,97
1987607,Germany:73,"(cut version)",73
1988142,80,,80
1988142,"West Germany:85",,85
1988380,91,,91
1988448,100,,100
1988626,110,,110
1988834,96,,96
1988919,104,,104
1989616,82,,82
1989826,92,,92
1989826,USA:84,"(dvd version)",84
1990705,136,,136
1990862,79,,79
1991064,92,,92
1991115,104,,104
1991269,USA:110,,110
1991544,Argentina:113,,113
1991544,Canada:113,,113
1991544,Ireland:113,,113
1991544,Spain:105,,105
1991544,USA:104,,104
1991646,100,,100
1991707,104,,104
1991951,130,,130
1991969,108,,108
1992100,112,,112
1992217,170,,170
1992315,103,,103
1992335,140,,140
1992344,Argentina:105,,105
1992344,Canada:103,,103
1992344,Spain:105,,105
1992344,USA:103,,103
1992374,101,,101
1992459,96,,96
1992459,Argentina:98,,98
1992459,Japan:100,,100
1992478,132,,132
1992478,Canada:135,(Ontario),135
1992502,99,,99
1992502,USA:108,"(uncut version)",108
1992538,105,,105
1992600,86,,86
1992600,USA:90,(premiere),90
1992682,USA:6,,6
1992774,123,,123
1992774,USA:110,(video),110
1993553,89,,89
1993850,101,,101
1993913,103,,103
1994073,97,,97
1994073,Germany:78,"(TV version) (heavily cut)",78
1994073,USA:99,"(uncut version)",99
1994073,"West Germany:88","(theatrical version)",88
1994279,97,,97
1994414,94,,94
1994414,Finland:86,(cut),86
1994414,Sweden:89,"(cut version)",89
1994418,Canada:93,,93
1994418,USA:91,(cut),91
1994419,85,,85
1994580,92,,92
1995071,137,,137
1995121,137,,137
1995178,83,,83
1995178,Australia:77,,77
1995178,Italy:75,"(edited for TV)",75
1995178,Norway:78,,78
1995178,Sweden:78,,78
1995179,84,,84
1996222,100,,100
1996222,93,"(TCM print)",93
1996223,105,,105
1996227,88,,88
1996227,Argentina:90,,90
1996227,Spain:84,"(DVD edition)",84
1996275,93,,93
1996365,UK:63,,63
1996365,USA:65,,65
1996544,96,,96
1996544,Germany:93,,93
1998427,69,,69
1998849,106,,106
1998864,98,,98
1999026,101,,101
1999026,Colombia:87,,87
1999095,113,,113
1999210,85,,85
1999241,105,,105
1999308,86,,86
1999581,127,,127
1999623,116,,116
1999623,USA:110,"(theatrical version)",110
1999628,99,,99
1999634,87,,87
1999634,Australia:88,,88
1999634,USA:101,"(producer's cut)",101
1999986,121,,121
2000130,86,,86
2001271,92,,92
2002121,121,,121
2002500,92,,92
2002500,Argentina:97,,97
2003554,96,,96
2003869,USA:97,,97
2004240,100,,100
2004435,112,,112
2004435,USA:119,"(director's cut)",119
2004444,Argentina:102,,102
2004444,UK:104,,104
2004444,USA:104,,104
2005166,114,,114
2005202,115,,115
2005242,97,,97
2005280,105,,105
2005459,103,,103
2005467,120,,120
2005469,102,,102
2005550,91,,91
2005656,102,,102
2005831,103,,103
2006016,102,,102
2006320,89,,89
2006322,84,,84
2006660,89,,89
2006702,93,,93
2006796,96,,96
2006907,91,,91
2006992,92,,92
2007256,130,,130
2007295,98,,98
2007295,Belgium:103,,103
2007295,Netherlands:120,,120
2007305,144,,144
2007465,170,,170
2007522,114,,114
2007673,114,,114
2008297,Spain:84,,84
2008297,USA:88,,88
2008297,USA:90,,90
2009281,90,,90
2009507,86,,86
2010080,95,,95
2010080,UK:96,,96
2010080,USA:96,,96
2010339,93,,93
2010351,108,,108
2010417,88,,88
2010432,100,,100
2010439,USA:94,,94
2010442,100,,100
2010567,67,,67
2010591,71,,71
2010811,75,,75
2010812,93,,93
2010812,Spain:99,,99
2010861,113,,113
2011220,118,,118
2011327,Argentina:109,,109
2011327,USA:109,,109
2011538,124,,124
2011835,93,,93
2012189,109,,109
2012308,93,,93
2012468,110,,110
2012474,140,,140
2012514,91,,91
2013009,"Hong Kong:93",,93
2013180,112,,112
2013370,92,,92
2013847,99,,99
2014240,104,,104
2014240,USA:87,,87
2014240,USA:91,"(DVD version)",91
2014741,125,,125
2014806,122,,122
2014847,86,,86
2014847,Spain:91,,91
2014992,96,,96
2015145,UK:79,,79
2015664,84,,84
2016321,99,,99
2016321,UK:92,,92
2016990,95,,95
2017211,114,,114
2017357,93,,93
2017615,100,,100
2017615,Germany:99,"(cut version)",99
2017696,104,,104
2018026,123,,123
2018109,86,,86
2018119,88,,88
2018220,Argentina:75,"(Mar del Plata Film Festival)",75
2018220,USA:73,"(R-rated version)",73
2018220,USA:74,"(unrated version)",74
2018491,82,,82
2018562,103,,103
2018570,Brazil:86,,86
2018634,100,,100
2019104,107,,107
2019186,90,,90
2019328,84,,84
2019328,Finland:82,(1980),82
2019328,USA:79,"(cut version)",79
2019451,Australia:85,,85
2019451,Italy:89,,89
2019451,USA:92,,92
2020617,92,,92
2020780,86,,86
2020812,115,,115
2020856,USA:97,,97
2021095,135,,135
2021329,96,,96
2021560,100,,100
2023079,128,,128
2023205,117,,117
2023205,"South Korea:110",(cut),110
2023228,92,,92
2023565,92,,92
2023565,Argentina:93,,93
2023785,111,,111
2024562,99,,99
2024562,France:92,,92
2024562,USA:96,,96
2024833,161,,161
2024833,179,"(2003 extended English version)",179
2024833,Finland:142,"(1984) (cut version)",142
2024833,France:186,"(dubbed version)",186
2024833,Spain:182,,182
2025172,106,"(international version) (first release)",106
2025172,111,,111
2025742,94,,94
2026315,112,,112
2026671,118,,118
2026671,Argentina:116,,116
2026671,Italy:115,,115
2027057,88,,88
2027057,Spain:83,,83
2027469,101,,101
2027949,101,,101
2028072,103,,103
2028079,119,,119
2028238,96,,96
2029309,121,,121
2029381,111,,111
2029975,90,,90
2030303,100,,100
2030427,96,,96
2030641,113,,113
2030843,88,,88
2031233,98,,98
2031233,Germany:89,,89
2031463,95,,95
2032104,91,,91
2032173,99,,99
2032270,97,,97
2032626,109,,109
2032743,128,,128
2032743,Portugal:138,"(TV version)",138
2032839,95,,95
2032879,133,,133
2033355,144,,144
2033355,USA:140,,140
2033854,108,,108
2034091,117,,117
2034166,145,,145
2034166,USA:153,"(special edition)",153
2034409,98,,98
2034464,127,,127
2034473,118,,118
2034705,Argentina:148,"(cut version)",148
2034705,France:159,,159
2034705,Spain:159,,159
2034705,USA:153,"(cut version)",153
2035079,107,,107
2035079,Germany:106,,106
2035079,Sweden:102,"(heavily cut)",102
2035238,119,,119
2035535,128,,128
2037379,96,,96
2037451,78,,78
2037640,126,,126
2037667,104,,104
2038091,93,,93
2038757,123,,123
2038910,USA:105,,105
2039701,80,,80
2039774,110,,110
2040205,100,,100
2040205,Spain:97,,97
2040689,147,,147
2040763,117,,117
2040764,Argentina:105,,105
2040764,Brazil:105,,105
2040764,USA:105,,105
2040764,"West Germany:100",,100
2040765,96,,96
2041945,95,,95
2042409,79,,79
2042414,80,,80
2042417,81,,81
2042450,71,,71
2042462,101,,101
2042532,105,,105
2042532,"West Germany:65","(cut TV version)",65
2042748,101,,101
2043167,110,,110
2043588,130,,130
2043588,Spain:118,"(25 fps) (DVD edition)",118
2043628,100,,100
2044667,France:110,,110
2044667,Sweden:112,,112
2044913,189,,189
2044913,USA:206,"(director's cut)",206
2044952,62,,62
2044952,Colombia:55,,55
2044952,France:58,,58
2044952,Germany:54,,54
2045231,110,,110
2045245,113,,113
2045328,101,,101
2045876,154,,154
2046051,23,,23
2046161,95,,95
2046161,USA:107,"(director's cut)",107
2046389,108,,108
2046586,71,,71
2046667,90,,90
2046902,120,,120
2047096,108,,108
2047096,Canada:90,(Ontario),90
2047096,USA:98,,98
2047331,79,,79
2047593,83,,83
2047641,112,,112
2048384,86,,86
2048413,Australia:120,,120
2048413,UK:119,,119
2048413,USA:119,,119
2048413,USA:120,"(unrated version)",120
2048611,87,,87
2048611,Argentina:96,,96
2048611,Germany:78,,78
2048619,124,,124
2048619,USA:130,"(TV version)",130
2048622,116,,116
2048624,99,,99
2049321,120,,120
2049438,98,,98
2049438,Taiwan:94,,94
2049438,USA:105,,105
2049814,139,,139
2049822,92,,92
2050120,124,,124
2050120,Argentina:125,,125
2050380,108,,108
2050380,116,"(long version)",116
2050532,139,,139
2050561,107,,107
2051069,107,,107
2052306,112,,112
2052559,162,,162
2052620,89,,89
2052620,USA:94,"(director's cut)",94
2053107,158,,158
2053107,USA:148,,148
2053384,104,,104
2053384,Argentina:108,,108
2053502,93,,93
2053502,Argentina:93,"(Mar del Plata Film Festival)",93
2053508,80,,80
2054459,Japan:103,,103
2054459,USA:96,,96
2054549,90,,90
2054579,96,,96
2054984,USA:116,,116
2056719,123,,123
2056719,Germany:118,"(TV version)",118
2056752,96,,96
2056849,110,,110
2056919,93,,93
2057285,111,,111
2057507,105,,105
2057709,101,,101
2057709,94,,94
2057859,104,,104
2057973,100,,100
2057973,"West Germany:105",,105
2058247,105,,105
2058289,132,,132
2058442,109,,109
2058644,87,,87
2058680,127,,127
2058733,88,,88
2058950,102,,102
2059661,UK:11,,11
2061440,180,,180
2061440,Argentina:162,,162
2061440,USA:162,,162
2062622,117,,117
2062622,USA:118,"(unrated version)",118
2062958,117,,117
2062958,Germany:114,,114
2062958,UK:114,,114
2062958,USA:114,,114
2064107,116,,116
2064709,122,,122
2065922,139,,139
2065922,Germany:175,"(2 parts)",175
2066931,99,,99
2067104,93,,93
2067595,101,,101
2067764,128,,128
2068023,104,,104
2068316,144,,144
2069192,100,,100
2069265,113,,113
2069265,USA:116,"(unrated version)",116
2069717,86,,86
2070201,87,,87
2070230,96,,96
2070468,97,,97
2070548,91,,91
2070614,89,,89
2070622,87,,87
2070627,89,,89
2070880,114,,114
2071313,95,,95
2071566,67,,67
2071566,Japan:43,,43
2071578,91,,91
2071800,96,,96
2071800,France:99,"(director's cut)",99
2071915,113,,113
2072443,116,,116
2072508,100,,100
2072508,104,"(restored version)",104
2072510,134,,134
2072510,USA:180,"(2 part television premiere version)",180
2072519,105,,105
2072728,103,,103
2072804,103,,103
2073054,113,,113
2073054,USA:117,"(R-rated version)",117
2073156,99,,99
2073156,Argentina:91,,91
2073156,Germany:82,,82
2073156,Japan:98,,98
2073156,USA:91,,91
2073938,86,,86
2074015,101,,101
2074067,115,,115
2074106,78,,78
2074106,Canada:88,(Ontario),88
2074187,USA:93,,93
2074632,118,,118
2074632,USA:113,,113
2075122,114,,114
2075324,145,,145
2075324,Finland:115,"(TV) (1988)",115
2075324,Finland:141,"(video release)",141
2075324,Germany:102,,102
2075452,91,,91
2075554,73,,73
2076744,105,,105
2076744,111,"(director's cut)",111
2077306,90,,90
2077306,Argentina:94,,94
2077306,Canada:75,(Ontario),75
2077306,Canada:82,(Québec),82
2077306,USA:76,,76
2078652,86,,86
2078857,105,,105
2079361,94,,94
2079616,78,,78
2080444,95,,95
2080719,134,,134
2081397,95,,95
2082589,102,,102
2082589,Germany:95,,95
2082758,83,,83
2084764,94,,94
2085383,100,,100
2085434,122,,122
2086876,USA:110,,110
2087502,113,,113
2087693,Argentina:105,,105
2087693,France:110,,110
2087693,Germany:98,(cut),98
2087693,Spain:105,,105
2088076,138,,138
2088141,95,,95
2088412,108,,108
2091188,100,,100
2091255,112,,112
2091405,89,,89
2092032,112,,112
2092629,98,,98
2093179,Argentina:100,,100
2093179,France:101,,101
2093179,Poland:88,,88
2093616,90,,90
2093616,Argentina:96,"(Mar del Plata Film Festival)",96
2093617,90,,90
2093759,103,,103
2094426,130,,130
2094455,114,,114
2094455,94,"(1937 release)",94
2094455,Germany:107,,107
2094683,100,,100
2094747,98,,98
2094854,112,,112
2095261,126,,126
2095261,Argentina:121,,121
2095261,Spain:115,,115
2095261,UK:114,,114
2095261,USA:114,,114
2095261,"West Germany:105",,105
2095288,125,"(international version)",125
2095288,165,,165
2095320,96,,96
2096283,87,,87
2096794,104,,104
2096850,Australia:86,,86
2096850,Germany:85,,85
2097603,100,,100
2097603,USA:82,,82
2097722,103,,103
2097722,Netherlands:85,,85
2098630,72,,72
2099040,Argentina:92,,92
2099040,Belgium:90,,90
2099040,Sweden:94,,94
2099471,162,,162
2099471,France:159,,159
2099471,Germany:139,"(video version)",139
2099471,Germany:174,,174
2099471,USA:144,,144
2100174,France:92,,92
2100174,Germany:93,,93
2100174,Spain:96,,96
2100174,Sweden:95,,95
2100174,UK:92,,92
2100174,USA:92,,92
2100901,110,,110
2100901,Germany:95,,95
2100911,88,,88
2102238,80,,80
2102238,Germany:87,,87
2102302,113,,113
2102312,85,,85
2102344,Germany:90,,90
2102344,USA:95,,95
2102540,116,,116
2102540,Italy:122,"(first release)",122
2103144,101,,101
2103526,93,,93
2103526,Spain:80,"(DVD edition)",80
2103526,"West Germany:88",,88
2103866,76,,76
2103908,91,,91
2103955,101,,101
2103975,121,,121
2104410,82,,82
2104759,116,,116
2105754,93,,93
2106723,USA:91,,91
2106899,94,,94
2106940,130,,130
2107118,103,,103
2107343,101,,101
2107404,UK:10,,10
2107497,84,,84
2107634,108,,108
2107847,128,,128
2107847,Germany:92,"(cut version)",92
2107847,Taiwan:131,,131
2107892,107,,107
2108364,91,,91
2108654,88,,88
2109065,101,,101
2109077,92,,92
2109093,216,,216
2109093,UK:187,"(1970 re-release)",187
2109093,UK:210,"(original version)",210
2109093,UK:222,"(premiere version)",222
2109093,UK:228,"(director's cut)",228
2109093,USA:227,"(restored roadshow version)",227
2110112,France:79,,79
2110128,106,,106
2110973,110,,110
2111069,100,,100
2111847,80,,80
2111847,Turkey:75,"(TV version)",75
2111960,108,,108
2112240,102,,102
2112346,168,"(director's cut)",168
2112346,France:132,"(original cut)",132
2112346,USA:118,"(edited version)",118
2112512,118,,118
2112515,135,,135
2112515,Argentina:134,,134
2112515,Germany:136,,136
2112515,USA:118,,118
2113512,103,,103
2113512,Finland:97,,97
2113512,Italy:82,"(re-edited version) (cut)",82
2113512,USA:102,,102
2113531,Belgium:100,,100
2113531,Japan:102,,102
2113531,USA:101,,101
2113595,110,,110
2113595,USA:117,"(restored version)",117
2114355,118,,118
2114355,USA:107,"(TV version : 1984)",107
2114635,122,,122
2114635,Argentina:120,,120
2115171,91,,91
2115171,Argentina:94,,94
2115171,USA:88,,88
2115628,Argentina:158,,158
2115628,Canada:162,,162
2115628,France:169,,169
2115628,Taiwan:158,,158
2115628,UK:162,,162
2116072,130,,130
2116072,France:140,,140
2116658,85,,85
2116708,Australia:80,,80
2116708,France:75,,75
2116708,Sweden:73,,73
2116708,USA:81,"(R-rated version)",81
2116708,USA:85,"(unrated version)",85
2116736,84,,84
2116855,111,,111
2117546,93,,93
2117637,94,,94
2117637,USA:114,"(director's cut)",114
2117637,USA:89,,89
2117637,USA:89,"(theatrical version)",89
2117874,133,,133
2119117,107,,107
2119264,134,,134
2119264,Argentina:132,,132
2119409,96,,96
2119425,125,,125
2120136,France:94,,94
2120136,Japan:94,,94
2120136,Netherlands:94,,94
2120136,UK:93,,93
2120569,France:190,,190
2120569,USA:163,(edited),163
2121501,78,,78
2121565,175,,175
2121785,126,,126
2121889,91,,91
2122177,99,,99
2122177,Spain:92,,92
2122231,94,,94
2122271,110,,110
2122271,UK:115,,115
2122764,107,,107
2122788,117,,117
2123712,75,,75
2124042,102,,102
2124260,82,,82
2124355,110,,110
2124355,Germany:108,"(cut version)",108
2124355,USA:117,"(director's cut)",117
2124357,114,,114
2124357,Germany:108,"(cut version)",108
2124357,USA:118,"(director's cut)",118
2124358,118,,118
2124358,USA:121,"(director's cut)",121
2124359,127,,127
2125443,86,,86
2125639,127,,127
2125639,Germany:122,,122
2125784,133,,133
2126243,88,,88
2126772,92,,92
2127239,94,,94
2127402,91,,91
2127563,97,,97
2127575,116,,116
2127575,USA:101,"(edited version)",101
2127843,99,,99
2127886,Australia:47,,47
2127926,107,,107
2128046,98,,98
2128569,94,,94
2128569,Poland:91,,91
2128890,126,,126
2128957,137,,137
2128957,UK:147,"(London premiere)",147
2128957,USA:141,"(initial release)",141
2130340,119,,119
2130342,139,,139
2130342,USA:147,"(copyright length)",147
2130419,99,,99
2130419,Argentina:105,,105
2130468,123,,123
2130468,Australia:141,,141
2130504,Argentina:93,,93
2130504,Brazil:90,,90
2130504,USA:90,,90
2130832,102,,102
2130889,USA:98,,98
2131017,85,,85
2131017,Japan:94,"(Japanese DVD box-set)",94
2131031,98,,98
2131225,102,"(original version)",102
2131225,94,,94
2131334,97,,97
2131430,115,,115
2131675,95,,95
2131729,121,,121
2132235,100,,100
2132235,Argentina:103,,103
2132367,90,,90
2133245,"New Zealand:108",,108
2133245,USA:96,,96
2133276,84,,84
2133416,111,,111
2133500,107,,107
2133500,120,"(director's cut)",120
2133798,119,,119
2134027,81,,81
2134027,USA:80,,80
2134055,152,,152
2134058,137,,137
2134388,135,,135
2134453,107,,107
2134924,88,,88
2134924,Germany:87,,87
2134924,"Hong Kong:97",,97
2134924,Spain:94,"(25 fps) (DVD edition)",94
2134924,UK:94,"(25 fps) (restored version)",94
2134924,USA:86,,86
2135675,112,,112
2135675,USA:111,,111
2136104,109,,109
2136104,Australia:104,,104
2136104,Germany:119,"(director's cut)",119
2136104,USA:120,"(director's cut)",120
2136125,92,,92
2136535,112,,112
2136535,Brazil:104,,104
2137901,84,,84
2137905,98,,98
2137905,Finland:92,,92
2137970,111,,111
2138292,134,,134
2138299,132,"(original version)",132
2138299,132,"(restored version)",132
2138299,USA:118,"(general release version)",118
2138299,USA:95,"(TV version)",95
2138299,"West Germany:97",,97
2138727,130,,130
2139026,87,,87
2139396,124,,124
2139407,100,,100
2139438,82,,82
2139438,Germany:75,"(25 fps) (TV version)",75
2139545,108,,108
2139928,Netherlands:120,,120
2139928,USA:120,,120
2140029,102,,102
2140049,90,,90
2140074,104,,104
2140461,101,,101
2140530,94,,94
2140712,95,,95
2140806,85,,85
2140811,93,,93
2140922,76,,76
2140922,USA:78,,78
2140999,101,,101
2141139,75,,75
2141230,130,,130
2141230,Spain:125,"(cut version)",125
2141393,108,,108
2141461,93,,93
2141703,105,,105
2141961,82,,82
2142487,100,,100
2142714,115,,115
2143749,103,,103
2143749,Argentina:112,,112
2144390,102,,102
2144547,130,,130
2145409,110,,110
2145409,133,"(International version)",133
2145409,France:136,"(uncut version)",136
2145409,Turkey:100,"(TV version)",100
2145603,110,"(2004 Criterion DVD edition)",110
2145603,117,,117
2145603,France:118,,118
2145603,Germany:105,"(2000 restored version)",105
2145603,Germany:108,(re-release),108
2145603,USA:99,,99
2145699,101,,101
2145942,116,,116
2145942,USA:112,"(PG version)",112
2146691,113,,113
2146907,127,,127
2146945,88,,88
2147404,81,,81
2147519,100,"(uncut version)",100
2147519,USA:85,"(edited version)",85
2147811,128,,128
2147811,UK:136,,136
2147941,Argentina:88,,88
2147941,USA:92,,92
2147962,Argentina:115,,115
2147962,USA:115,,115
2147992,93,,93
2147992,Germany:85,"(cut version)",85
2148026,93,,93
2148037,88,,88
2148037,USA:93,"(special edition)",93
2148039,95,,95
2148039,Argentina:96,,96
2148039,Germany:87,"(heavily cut)",87
2148039,UK:96,,96
2148039,USA:94,,94
2148040,107,,107
2148165,96,,96
2148281,France:135,,135
2148281,USA:134,,134
2148400,122,,122
2148608,111,,111
2148848,88,,88
2149158,USA:120,,120
2150211,188,,188
2150224,124,,124
2151493,100,,100
2151499,Argentina:95,,95
2151499,USA:95,,95
2151740,75,,75
2153014,202,,202
2153110,116,"(1997 alternate version)",116
2153283,107,,107
2153421,Singapore:90,,90
2153457,123,"(extended version)",123
2153457,94,,94
2153998,106,,106
2153998,Argentina:110,,110
2153998,UK:95,"(original version)",95
2153998,USA:110,,110
2154565,94,,94
2154596,80,"(Slamdance Film Festival)",80
2154596,USA:77,,77
2154607,96,,96
2154630,86,,86
2154663,118,,118
2155643,96,,96
2155689,104,,104
2156231,88,,88
2156364,113,,113
2156478,112,,112
2157118,125,,125
2157273,USA:198,,198
2157724,114,,114
2158286,90,,90
2159085,93,,93
2159258,130,,130
2159513,104,,104
2159513,Germany:92,,92
2159587,106,,106
2160048,90,,90
2160048,94,"(alternate version)",94
2160308,98,,98
2160428,139,,139
2160436,108,,108
2160769,94,,94
2161122,99,,99
2161144,9,,9
2161615,73,,73
2162013,135,,135
2162109,98,,98
2162109,USA:102,,102
2162762,140,,140
2162869,127,,127
2162994,98,,98
2163340,97,,97
2163370,101,,101
2163581,105,,105
2164115,120,,120
2164115,Argentina:121,,121
2164174,108,,108
2164328,104,,104
2164328,Germany:100,,100
2164624,116,,116
2164939,99,,99
2164942,84,,84
2164943,96,,96
2164944,87,,87
2165318,106,,106
2165411,86,"(international version)",86
2165411,96,,96
2165624,178,,178
2165627,USA:122,,122
2165666,113,,113
2165721,105,,105
2165765,93,,93
2165832,108,,108
2166642,95,,95
2167372,USA:72,,72
2167489,95,,95
2168103,105,,105
2168109,115,,115
2168207,98,,98
2168282,USA:80,,80
2168361,127,,127
2168402,97,,97
2168965,144,,144
2168965,Spain:126,,126
2169199,111,,111
2169865,131,,131
2169876,127,,127
2170415,108,,108
2170555,117,,117
2170610,105,,105
2170610,USA:101,,101
2170625,119,"(DVD edition) (2002 Murnau Foundation 75th aniversary restored version)",119
2170625,145,"(2010 restored version)",145
2170625,153,,153
2170625,80,"(Giorgio Moroder version)",80
2170625,Germany:210,"(premiere cut)",210
2170625,Germany:93,"(re-release version)",93
2170625,USA:114,"(25 fps) (1927 cut version)",114
2170625,USA:123,"(2002 Murnau Foundation 75th aniversary restored version)",123
2170643,98,,98
2171511,92,,92
2171589,137,,137
2171762,105,,105
2171907,105,,105
2171943,133,,133
2172334,102,,102
2172541,80,,80
2172541,Japan:73,,73
2172808,113,,113
2172829,121,,121
2172947,126,,126
2173027,155,,155
2173296,98,,98
2173331,95,,95
2173343,94,,94
2173343,USA:84,,84
2173344,114,,114
2173361,95,,95
2173730,109,,109
2174014,111,,111
2174318,110,,110
2174392,87,,87
2174453,115,,115
2174775,105,,105
2174775,112,"(director's cut)",112
2174948,124,,124
2174948,Argentina:128,,128
2174948,Canada:128,,128
2174948,Spain:121,,121
2174948,UK:128,,128
2175680,114,,114
2176083,96,,96
2176086,114,,114
2176174,92,,92
2176789,107,,107
2177244,103,,103
2177836,101,,101
2177836,Argentina:101,,101
2177839,Norway:95,"(video version)",95
2177839,USA:100,,100
2177959,114,,114
2177983,110,,110
2177992,123,,123
2178276,123,,123
2178276,"West Germany:107",,107
2178807,101,,101
2179017,97,,97
2179406,129,,129
2179406,USA:130,,130
2179939,87,,87
2180060,75,,75
2180670,123,,123
2180670,Germany:113,,113
2180698,102,,102
2181096,129,,129
2181493,104,,104
2181690,80,,80
2181898,97,,97
2181907,103,,103
2181907,Canada:110,(Ontario),110
2182213,113,,113
2182213,"West Germany:105","(cut version)",105
2182361,134,,134
2182564,124,,124
2182564,"West Germany:110",,110
2183016,96,,96
2183016,Argentina:95,,95
2183016,Israel:92,,92
2183254,91,,91
2183622,66,,66
2183643,105,,105
2183675,126,,126
2183726,102,,102
2184999,101,,101
2185015,95,,95
2185038,102,,102
2185767,114,,114
2186706,98,,98
2186706,Germany:93,,93
2187505,95,,95
2187739,91,,91
2187886,143,,143
2187957,103,,103
2187965,114,,114
2188028,87,,87
2188074,91,,91
2188074,Argentina:91,,91
2188074,Argentina:92,,92
2188117,92,,92
2188295,119,,119
2188332,129,,129
2188332,"West Germany:120",(TV),120
2188440,98,,98
2188458,96,,96
2188547,105,,105
2188553,97,,97
2188633,125,,125
2188696,134,,134
2188708,125,,125
2188768,105,,105
2188978,111,,111
2189533,90,,90
2189721,88,,88
2189721,Philippines:85,,85
2189833,107,,107
2189969,117,,117
2190062,112,,112
2190354,99,,99
2190371,87,,87
2190371,Argentina:88,,88
2190603,107,,107
2190603,Argentina:108,,108
2190734,122,,122
2190795,104,,104
2190795,Argentina:102,,102
2190795,USA:100,"(TCM print: British version)",100
2190795,USA:92,,92
2190803,95,,95
2190803,Germany:90,,90
2190900,106,,106
2190982,107,,107
2191385,104,,104
2191428,124,,124
2191929,95,,95
2191997,132,,132
2192642,105,,105
2192654,80,"(1998 version)",80
2192733,3,,3
2192747,96,,96
2192747,USA:102,,102
2192782,85,,85
2192913,97,,97
2192973,120,,120
2193169,95,,95
2193264,170,,170
2193276,128,,128
2193388,94,,94
2193407,92,,92
2193422,101,,101
2193721,103,,103
2194143,103,,103
2194153,117,,117
2194168,98,,98
2194362,94,,94
2194362,USA:90,"(2005 DVD release)",90
2194363,92,,92
2194471,Argentina:93,,93
2194471,Germany:93,,93
2194471,USA:89,,89
2194580,105,,105
2194791,104,,104
2195009,94,,94
2195009,"West Germany:80",(video),80
2195233,Finland:88,,88
2195233,UK:87,,87
2195417,97,,97
2196039,121,,121
2196060,73,,73
2196068,110,,110
2196132,119,,119
2196454,125,,125
2196886,118,,118
2196886,France:103,"(color version)",103
2197021,94,,94
2197407,82,,82
2199194,78,,78
2199218,93,,93
2199868,131,,131
2199868,"South Korea:112",,112
2199969,83,,83
2200121,95,,95
2201125,92,,92
2201311,98,,98
2201727,159,,159
2202537,111,,111
2202732,118,,118
2202732,USA:122,"(director's cut)",122
2202880,107,,107
2204067,94,,94
2204067,Sweden:86,"(cut version)",86
2204532,120,,120
2204532,USA:183,"(TV version)",183
2205117,75,,75
2205227,112,,112
2205327,106,,106
2206238,97,,97
2206242,121,,121
2206516,107,,107
2206541,105,,105
2206656,101,,101
2206740,86,,86
2207203,98,,98
2207291,112,,112
2207291,Australia:107,(video),107
2207384,93,,93
2207954,121,,121
2208048,98,,98
2208084,104,,104
2208430,92,,92
2208474,93,,93
2208962,90,,90
2209075,Germany:70,,70
2209075,USA:67,,67
2209608,113,,113
2209608,USA:118,"(director's cut)",118
2209821,106,,106
2209901,84,,84
2210137,95,,95
2210139,88,,88
2210139,Germany:85,"(cut version)",85
2210196,96,,96
2210254,129,,129
2210356,99,,99
2210519,99,,99
2210617,101,,101
2210872,118,,118
2211077,128,,128
2211223,100,,100
2211223,Canada:98,(Ontario),98
2211282,112,(DVD),112
2211282,117,,117
2211282,Argentina:102,,102
2211336,103,,103
2211395,113,,113
2211751,110,,110
2212209,192,,192
2212209,USA:212,"(director's cut)",212
2212660,118,,118
2212660,"South Korea:103",,103
2212954,96,,96
2213122,106,,106
2213622,102,,102
2213866,114,,114
2214546,110,,110
2216031,101,,101
2216031,Portugal:89,,89
2216031,UK:102,,102
2216145,87,,87
2216176,119,,119
2216295,90,,90
2216295,Argentina:89,,89
2216295,UK:88,,88
2216295,USA:88,,88
2216316,136,,136
2216640,97,,97
2216642,84,"(1994 restored version projected at 20 fps)",84
2216642,94,,94
2216642,Belgium:85,,85
2216642,Spain:65,"(VHS version)",65
2216642,Spain:92,"(DVD edition)",92
2216642,Sweden:84,"(DVD version)",84
2216642,UK:88,"(1997 restored version)",88
2216642,USA:81,,81
2217530,94,,94
2217636,Argentina:86,,86
2217636,Colombia:83,,83
2217636,UK:85,,85
2217636,USA:86,,86
2217693,118,,118
2217718,108,,108
2217782,101,,101
2217888,124,,124
2218486,100,,100
2218524,82,,82
2219070,106,,106
2219442,63,,63
2219779,110,,110
2219992,106,,106
2219992,USA:109,"(unrated director's cut)",109
2220554,103,,103
2221102,91,,91
2221102,Argentina:94,,94
2221102,Spain:94,,94
2221102,UK:90,,90
2221102,USA:90,,90
2222143,110,,110
2224890,108,,108
2225574,83,,83
2225605,USA:103,,103
2225624,115,,115
2226062,82,,82
2226062,Argentina:95,,95
2226103,89,,89
2227800,Australia:91,,91
2227800,Russia:87,,87
2227800,Spain:96,,96
2228369,83,,83
2228704,74,,74
2228754,153,,153
2229516,96,,96
2229633,109,,109
2229656,142,,142
2229787,107,,107
2229787,USA:98,"(re-edited version)",98
2230251,134,,134
2230732,94,,94
2230871,98,,98
2230917,108,,108
2231247,229,,229
2231247,259,(2012),259
2231247,USA:139,(re-cut),139
2231307,115,,115
2231336,102,,102
2231697,93,,93
2231855,119,,119
2231882,105,,105
2231896,108,,108
2231909,133,,133
2232226,90,,90
2232255,89,,89
2232299,USA:121,,121
2232552,102,,102
2232980,90,,90
2233001,127,,127
2233552,106,,106
2233759,121,,121
2233885,115,,115
2233885,Finland:104,,104
2233885,France:108,,108
2234951,Australia:104,,104
2234951,Norway:104,,104
2234951,Spain:100,,100
2234951,USA:104,,104
2235378,107,,107
2235378,Finland:104,,104
2235600,85,,85
2235600,USA:75,"(1972 reissue)",75
2235600,USA:83,,83
2236433,124,,124
2236640,94,,94
2236640,"Hong Kong:92",,92
2236640,USA:92,"(cut version)",92
2236888,99,,99
2237013,94,,94
2237801,132,,132
2238427,Italy:118,,118
2238483,123,,123
2238595,94,,94
2239654,89,"(Hypercube restored version)",89
2239654,90,,90
2239941,161,,161
2240178,123,,123
2240406,97,,97
2240516,106,,106
2240566,127,,127
2240849,100,,100
2240934,100,,100
2240936,96,,96
2241542,87,,87
2241805,92,,92
2242954,102,,102
2243968,82,,82
2244080,111,,111
2244271,115,,115
2244488,114,,114
2245091,122,,122
2245138,100,,100
2245138,Switzerland:112,"(Locarno Film Festival)",112
2246169,China:111,,111
2246169,UK:115,,115
2246675,151,,151
2247345,150,,150
2247366,114,"(FMC Library Print)",114
2247366,122,,122
2247594,UK:93,,93
2247913,85,,85
2248232,124,,124
2248438,71,,71
2248473,75,,75
2248574,112,,112
2248580,147,,147
2249442,94,,94
2250014,115,,115
2250495,135,,135
2250593,91,,91
2250599,105,,105
2250599,Finland:101,,101
2250599,Germany:96,"(TV version)",96
2251093,115,,115
2251197,Argentina:119,,119
2251197,India:122,"(within Bengal)",122
2251241,88,,88
2251547,117,,117
2251761,172,,172
2251833,95,,95
2252075,91,,91
2252075,Switzerland:90,,90
2252158,93,,93
2252158,Australia:90,(cut),90
2252485,UK:90,,90
2252917,95,,95
2253153,87,,87
2253332,90,,90
2253441,101,,101
2253441,USA:86,"(cut version)",86
2253567,103,,103
2254216,99,,99
2254219,108,,108
2254219,UK:108,"(cut version)",108
2254327,119,,119
2255035,132,,132
2255064,99,,99
2255408,81,,81
2256004,88,,88
2256605,107,,107
2257031,103,,103
2257033,100,,100
2257129,128,,128
2257129,Argentina:130,,130
2257265,77,,77
2257381,101,,101
2257901,88,,88
2257904,97,,97
2257905,91,,91
2257905,UK:86,(DVD),86
2257906,90,,90
2258068,96,,96
2258068,Argentina:92,,92
2258079,90,,90
2258163,89,,89
2258248,123,,123
2258328,125,,125
2258588,107,,107
2258957,93,,93
2258958,84,,84
2259483,115,,115
2259483,USA:113,"(DVD version)",113
2259508,115,,115
2259508,Australia:107,"(1998 director's cut)",107
2259556,95,,95
2259556,98,,98
2259586,105,,105
2259786,22,,22
2261350,93,,93
2261350,Argentina:108,(re-release),108
2261350,Australia:106,(re-release),106
2261350,UK:104,(re-release),104
2261350,USA:108,(re-release),108
2261353,95,,95
2261598,88,,88
2261929,94,,94
2261929,USA:106,"(TV version)",106
2262428,80,,80
2262464,109,,109
2262464,USA:112,"(unrated version)",112
2262957,111,,111
2263106,79,,79
2263331,112,,112
2263331,Argentina:115,,115
2263331,Spain:107,"(DVD edition)",107
2263670,120,,120
2263826,124,,124
2264538,94,,94
2264538,Netherlands:91,,91
2264538,Philippines:90,,90
2264592,121,,121
2264815,124,,124
2265148,118,,118
2265148,Argentina:115,,115
2265148,France:115,,115
2265148,Hungary:110,,110
2265148,UK:118,,118
2265188,121,,121
2265188,UK:124,,124
2265452,99,,99
2265771,81,,81
2265771,USA:84,"(10th Anniversary edition)",84
2266198,109,,109
2266555,85,,85
2266574,Argentina:90,,90
2266574,USA:88,"(R-rated version)",88
2266574,USA:93,"(unrated version)",93
2266575,106,,106
2266575,USA:108,"(unrated version)",108
2266691,75,,75
2266691,Germany:95,,95
2266891,102,,102
2266891,USA:99,,99
2267111,96,,96
2267114,87,,87
2267116,83,,83
2267118,88,,88
2267120,90,,90
2267121,84,,84
2267434,105,,105
2267673,134,,134
2267777,114,,114
2267780,130,"(original cut)",130
2267780,91,,91
2267781,98,,98
2268063,97,,97
2268776,114,,114
2268776,UK:97,,97
2269366,97,,97
2269410,94,,94
2269426,98,,98
2269444,92,,92
2270182,111,,111
2270749,Argentina:120,,120
2270749,France:127,,127
2270749,UK:118,,118
2270749,USA:80,(cut),80
2271178,86,,86
2271822,111,,111
2271870,89,,89
2272308,104,,104
2272532,103,,103
2273044,107,,107
2273048,103,(vcd),103
2273048,108,,108
2273048,Germany:93,"(TV version) (FSK 18 version) (heavily cut)",93
2273174,106,,106
2273896,90,,90
2274575,119,,119
2274575,USA:125,"(director's cut)",125
2274590,96,,96
2274790,118,,118
2274852,111,,111
2274949,105,,105
2274949,Argentina:98,,98
2274949,USA:98,,98
2275139,129,,129
2275181,143,,143
2275543,91,,91
2275543,Japan:97,,97
2275543,Philippines:92,,92
2275635,167,,167
2275709,97,,97
2276353,109,,109
2276841,109,,109
2276914,89,,89
2277269,100,,100
2277334,130,,130
2277505,81,,81
2277506,USA:90,,90
2278340,63,,63
2278576,89,,89
2278585,92,,92
2279852,133,,133
2280097,109,,109
2280097,Germany:108,(cut),108
2280098,105,,105
2280101,95,,95
2280125,113,,113
2280126,93,,93
2280126,Australia:90,,90
2280376,90,,90
2280997,154,,154
2280997,USA:168,"(special edition)",168
2281105,102,,102
2281160,86,,86
2281612,USA:4,,4
2282360,124,,124
2282360,Finland:119,,119
2285092,80,,80
2285138,85,,85
2285139,97,,97
2285647,100,,100
2285647,Germany:108,,108
2285997,86,,86
2285997,Germany:74,,74
2286681,133,,133
2287637,100,,100
2288084,88,,88
2288257,108,,108
2288625,129,,129
2288828,115,,115
2288908,72,,72
2288969,94,"(Turner library print)",94
2289039,133,,133
2289215,90,,90
2289279,115,,115
2289279,Australia:119,(DVD),119
2289279,Canada:113,(Ontario),113
2289300,94,,94
2290129,102,,102
2290129,Finland:87,"(1988) (heavily cut) (VHS version)",87
2290136,96,,96
2290316,162,,162
2290489,133,,133
2290562,90,,90
2290793,121,,121
2290793,USA:139,"(special edition)",139
2291501,114,,114
2291903,101,,101
2291994,79,,79
2292109,Germany:86,"(uncut version)",86
2292109,USA:89,,89
2292470,86,"(unrated version)",86
2292470,USA:95,"(R-rated version)",95
2292610,100,,100
2292773,107,,107
2292920,108,,108
2293200,99,,99
2293416,112,,112
2293483,76,(cut),76
2293483,84,,84
2293500,130,,130
2293587,111,,111
2293915,91,,91
2294497,122,,122
2294518,114,,114
2294990,98,,98
2295106,89,,89
2295575,195,,195
2296145,52,,52
2296438,72,,72
2296667,104,,104
2296667,124,"(director's cut)",124
2296892,182,,182
2296892,France:175,"(director's cut)",175
2296987,Germany:90,,90
2296987,USA:94,,94
2297049,110,,110
2297404,113,,113
2297404,USA:120,"(Director's Cut DVD)",120
2297836,128,,128
2298189,15,,15
2298460,92,,92
2298603,80,,80
2298717,105,,105
2298804,102,,102
2299047,99,,99
2299492,117,,117
2299646,102,,102
2299999,91,,91
2300104,95,,95
2300162,80,,80
2300333,115,,115
2300351,113,,113
2300351,Finland:109,(cut),109
2300351,Finland:110,(uncut),110
2300354,111,,111
2300450,101,,101
2300450,USA:101,,101
2300450,USA:102,,102
2301991,Canada:81,(Ontario),81
2301991,UK:92,,92
2301991,USA:83,,83
2302051,104,,104
2302418,90,,90
2302526,138,,138
2302526,148,"(director's cut)",148
2302661,102,,102
2303621,90,,90
2303953,92,,92
2304264,125,,125
2304264,USA:129,,129
2304330,98,,98
2305025,95,,95
2305025,Finland:90,,90
2305197,93,,93
2305197,USA:94,"(unrated version)",94
2305466,UK:96,,96
2305466,USA:96,,96
2305587,139,,139
2305931,83,,83
2305974,104,,104
2305976,143,,143
2305976,USA:155,"(extended edition)",155
2306194,102,,102
2306194,Finland:91,"(heavily cut)",91
2306194,Germany:78,"(cut version)",78
2306194,Norway:98,"(cut version)",98
2306194,USA:103,"(unrated director's cut)",103
2306197,Germany:82,"(FSK 16 version)",82
2306197,USA:117,,117
2306201,104,,104
2307015,13,,13
2307071,77,,77
2307228,119,,119
2307246,119,,119
2307247,99,,99
2307248,91,,91
2307289,104,,104
2307534,91,,91
2307985,119,,119
2308229,118,,118
2308229,Portugal:117,"(cut version)",117
2308305,84,,84
2308305,USA:99,"(unrated version)",99
2308476,106,,106
2308720,120,,120
2308725,100,,100
2308725,Argentina:106,,106
2308725,Japan:110,,110
2308725,Spain:104,,104
2308730,115,,115
2308758,138,,138
2308758,UK:149,"(initial release)",149
2308889,94,,94
2308889,"South Korea:88",,88
2308916,92,,92
2309076,122,,122
2309334,Argentina:115,,115
2309334,USA:115,,115
2309427,108,,108
2309617,80,,80
2310074,98,,98
2310119,136,,136
2310159,117,,117
2310222,95,,95
2310222,Colombia:92,,92
2310236,140,,140
2310265,97,,97
2310722,Spain:100,,100
2310722,UK:104,,104
2310722,USA:104,,104
2310724,104,,104
2310851,97,,97
2310980,121,,121
2311011,101,,101
2311879,114,,114
2311916,89,,89
2312022,114,,114
2312345,128,,128
2312692,93,,93
2312692,Germany:88,,88
2312819,99,,99
2312819,Germany:100,,100
2312852,116,,116
2312897,111,,111
2313047,91,,91
2313093,107,,107
2313464,98,,98
2313464,Spain:93,"(DVD edition)",93
2313519,93,,93
2313912,93,,93
2314869,96,,96
2315269,97,,97
2315269,Argentina:98,"(Mar del Plata Film Festival)",98
2316009,76,,76
2316009,"West Germany:90",,90
2316029,109,"(copyright length)",109
2316046,113,,113
2316049,127,,127
2316115,120,,120
2316742,119,,119
2316800,88,,88
2316801,98,,98
2318730,USA:42,"(video release)",42
2318736,France:98,,98
2318736,UK:97,,97
2319753,Argentina:120,"(Buenos Aires Festival Internacional de Cine Independiente)",120
2319753,Canada:128,,128
2319753,France:127,,127
2319753,Japan:127,,127
2319753,Sweden:129,,129
2319753,USA:116,,116
2320925,113,,113
2321221,105,,105
2321373,107,,107
2321444,110,,110
2321444,"West Germany:93","(cut version)",93
2321525,97,,97
2321649,Argentina:105,,105
2322051,117,,117
2322051,Argentina:115,,115
2323351,88,,88
2324074,93,,93
2324123,169,,169
2324198,103,,103
2324198,Argentina:104,,104
2324383,100,,100
2325153,88,,88
2325529,157,,157
2325646,101,,101
2325897,195,,195
2325897,Turkey:185,"(TV version)",185
2325936,96,,96
2325949,127,,127
2326309,121,,121
2327740,111,,111
2327740,Germany:103,,103
2327746,120,,120
2327747,116,,116
2327816,108,,108
2328405,81,,81
2328405,Germany:78,,78
2328488,101,,101
2328882,127,,127
2329335,109,,109
2329335,Canada:93,(Ontario),93
2329715,105,,105
2330057,86,,86
2330470,142,,142
2330470,USA:136,,136
2332489,127,,127
2333344,91,,91
2333494,136,,136
2333527,93,,93
2333527,Argentina:96,,96
2333527,France:108,,108
2333527,Spain:95,,95
2334512,95,,95
2334625,130,,130
2334625,Spain:113,,113
2334876,88,,88
2335038,123,,123
2335264,93,,93
2335400,56,,56
2335431,118,,118
2335622,136,,136
2336864,100,,100
2337754,93,,93
2338199,103,,103
2338375,108,,108
2338484,131,,131
2338484,Canada:115,(Ontario),115
2338685,89,,89
2338685,France:98,,98
2338707,100,,100
2338708,99,,99
2338711,112,,112
2338714,104,,104
2338941,87,,87
2338963,123,,123
2339096,109,,109
2339103,119,"(cut version)",119
2339103,136,,136
2339111,92,,92
2339246,109,,109
2339347,118,,118
2339347,"West Germany:90","(cut version)",90
2339477,110,,110
2339491,97,,97
2340287,Argentina:104,,104
2340287,Canada:103,,103
2340287,USA:102,,102
2341003,95,,95
2341046,84,,84
2341046,USA:88,"(director's cut)",88
2341100,100,,100
2341160,96,,96
2341171,99,,99
2341509,Argentina:100,,100
2342997,105,,105
2344403,109,,109
2344403,UK:99,"(DVD version)",99
2344403,USA:103,,103
2344573,105,,105
2344573,Argentina:106,,106
2344573,USA:87,,87
2344675,187,,187
2344675,Argentina:190,,190
2345354,128,,128
2345354,USA:131,"(NC-17 version)",131
2345742,100,,100
2345742,USA:89,(1999),89
2346707,86,,86
2346713,100,,100
2346713,UK:128,,128
2346939,112,,112
2346939,Australia:110,,110
2348226,USA:101,,101
2349123,114,,114
2349163,85,,85
2349163,Argentina:90,,90
2349269,106,,106
2349269,Germany:101,"(TV version)",101
2349430,94,,94
2349784,113,,113
2350234,103,,103
2350339,107,,107
2350378,99,,99
2350992,98,,98
2350992,Canada:94,,94
2351245,100,,100
2351246,107,,107
2351693,98,,98
2351717,112,,112
2351845,97,,97
2351885,62,"(TCM print)",62
2351904,91,,91
2351925,93,,93
2352948,USA:100,,100
2353641,100,,100
2353781,78,,78
2353895,85,,85
2353900,90,,90
2354011,93,,93
2354011,Germany:87,"(TV version)",87
2354219,88,,88
2354219,USA:84,"(DVD version)",84
2354226,89,,89
2354247,147,,147
2354271,75,,75
2354392,105,,105
2354392,Turkey:93,"(TV version)",93
2354396,88,,88
2354438,91,,91
2354464,105,,105
2354674,99,,99
2354792,135,,135
2354792,USA:148,"(director's cut)",148
2354959,108,,108
2355275,75,,75
2355275,USA:90,,90
2355276,87,,87
2355303,91,,91
2355303,Argentina:92,,92
2355555,108,,108
2355625,108,,108
2355625,USA:110,,110
2355661,94,,94
2355719,77,,77
2355904,96,,96
2356134,121,,121
2356224,112,,112
2356287,89,,89
2356460,298,"(2 parts)",298
2356755,98,,98
2357080,126,,126
2357080,Canada:118,(Ontario),118
2357240,93,,93
2357240,Australia:90,,90
2357424,89,,89
2357437,127,,127
2357543,83,,83
2357676,96,,96
2357807,79,,79
2357857,93,,93
2358317,97,,97
2358980,101,,101
2359014,107,,107
2359470,112,,112
2359470,Japan:118,"(director's cut)",118
2359505,101,,101
2359625,Ireland:9,,9
2360108,94,,94
2360397,167,,167
2360397,Italy:115,"(first release)",115
2360614,UK:25,,25
2360614,USA:25,,25
2360660,95,,95
2360675,120,,120
2360702,112,,112
2360833,90,,90
2360833,Argentina:96,,96
2360852,102,,102
2360910,96,,96
2360973,106,,106
2361193,95,,95
2361211,112,,112
2361281,93,,93
2361281,USA:89,"(2005 DVD release)",89
2361284,106,,106
2361450,103,,103
2361456,Brazil:94,,94
2361575,114,,114
2361748,95,,95
2361778,80,,80
2361784,100,,100
2361785,99,,99
2362113,80,,80
2362207,94,,94
2362428,87,,87
2363015,150,,150
2363015,Canada:157,(Ontario),157
2363269,74,,74
2363269,UK:86,,86
2363270,80,,80
2363738,115,,115
2363738,Argentina:115,,115
2363756,104,,104
2364254,91,,91
2364254,Argentina:92,,92
2364486,157,,157
2364486,171,"(roadshow version)",171
2364498,81,,81
2364887,141,,141
2364949,97,,97
2365078,130,,130
2365142,88,,88
2365297,96,,96
2365518,USA:91,,91
2365633,100,,100
2365831,84,,84
2365831,Canada:110,(Ontario),110
2365844,184,"(premiere version)",184
2365844,184,"(theatrical version)",184
2365844,Sweden:187,"(1968 re-release)",187
2365844,USA:161,"(1967 re-release)",161
2365844,USA:197,"(1991 restored version)",197
2365920,96,,96
2365920,USA:98,"(director's cut)",98
2366246,108,,108
2366248,93,,93
2366248,Spain:89,,89
2366368,99,,99
2366403,116,,116
2366408,121,,121
2366649,111,,111
2366649,Canada:95,(Ontario),95
2366980,134,,134
2367023,93,,93
2367832,111,,111
2367921,93,,93
2367930,124,,124
2369177,105,,105
2369317,81,,81
2369519,102,,102
2369623,79,,79
2370089,110,,110
2370089,Canada:108,(Ontario),108
2370348,100,,100
2370423,91,,91
2370472,110,,110
2370704,120,,120
2370704,Germany:116,,116
2370742,134,,134
2370742,Argentina:135,,135
2370772,155,"(2002 DVD)",155
2370772,163,,163
2371045,57,,57
2371052,89,,89
2371246,104,,104
2371502,101,,101
2371509,86,,86
2371602,105,,105
2371603,119,,119
2371610,107,,107
2371611,110,"(theatrical version)",110
2371611,113,,113
2371648,111,,111
2371651,118,,118
2371654,103,,103
2371692,132,,132
2371692,USA:136,"(director's cut)",136
2371692,USA:143,"(TV version)",143
2371705,113,,113
2371705,USA:116,"(director's cut)",116
2371726,121,,121
2371726,125,"(special edition)",125
2371778,136,,136
2371786,124,,124
2371786,USA:127,"(special edition)",127
2371787,134,,134
2371787,135,"(special edition)",135
2372012,89,,89
2372068,121,,121
2372068,USA:128,"(special edition)",128
2372068,USA:130,"(director's cut)",130
2372234,115,,115
2372328,94,,94
2372407,129,,129
2373106,88,,88
2373212,UK:113,,113
2373212,USA:135,,135
2373221,107,,107
2373221,Spain:106,,106
2373241,118,,118
2373256,98,,98
2373364,8,,8
2373434,97,,97
2373470,117,,117
2373470,Spain:119,,119
2373573,84,"(dvd version)",84
2373573,92,,92
2373941,124,,124
2374542,Spain:99,,99
2374542,UK:94,,94
2374542,USA:94,,94
2374584,103,,103
2374677,109,,109
2374686,95,,95
2374686,Argentina:100,,100
2375093,99,,99
2375659,99,,99
2375659,USA:94,(DVD),94
2375749,100,(VHS),100
2375749,88,,88
2375846,87,,87
2375950,77,,77
2376295,108,,108
2376870,145,,145
2377049,85,,85
2377049,Argentina:92,,92
2377127,89,,89
2377173,94,,94
2377282,101,,101
2377282,103,"(preview version)",103
2377282,Portugal:96,"(cut version)",96
2377282,"West Germany:92",,92
2377877,102,,102
2378398,94,,94
2378535,97,,97
2378594,102,,102
2378750,106,,106
2378750,Spain:117,"(extended version)",117
2378750,USA:126,"(extended version)",126
2378853,115,,115
2378853,USA:117,"(unrated version)",117
2379184,84,,84
2379184,Spain:81,"(DVD edition)",81
2379192,Brazil:96,,96
2379192,USA:95,,95
2380109,121,,121
2380932,111,,111
2380949,Australia:80,,80
2380982,114,,114
2381332,92,,92
2381332,Argentina:92,"(Mar del Plata Film Festival)",92
2381528,106,,106
2381959,90,,90
2381959,"West Germany:85","(TV premiere)",85
2382368,142,,142
2382687,123,,123
2382687,147,"(director's cut)",147
2383252,110,,110
2383252,Argentina:115,,115
2383252,"West Germany:104","(cut version)",104
2383280,99,,99
2383305,90,,90
2383350,181,,181
2383956,104,,104
2383956,Italy:96,,96
2384304,19,,19
2384418,124,"(international version)",124
2384418,Germany:89,"(Video Version)",89
2384418,USA:105,"(theatrical version)",105
2384418,USA:138,"(director's cut)",138
2384418,USA:150,"(original cut)",150
2384520,143,,143
2384520,USA:127,"(1980 video release)",127
2384520,USA:151,"(2000 restoration)",151
2384532,127,,127
2384532,USA:116,"(Richard Donner Cut)",116
2384535,125,,125
2384536,90,"(theatrical version)",90
2384536,Finland:93,(1987),93
2384536,USA:134,"(original cut)",134
2384735,81,,81
2385207,UK:80,(DVD),80
2385207,UK:85,"(Director's Cut DVD)",85
2385207,USA:83,,83
2385744,125,,125
2385772,96,,96
2386139,99,,99
2386293,96,,96
2387087,91,,91
2387087,Australia:89,"(DVD version)",89
2387087,USA:93,"(DVD version)",93
2387903,89,,89
2388125,95,,95
2388316,115,,115
2388445,101,,101
2388540,112,,112
2388613,96,,96
2388702,126,,126
2388790,118,,118
2388990,102,,102
2388990,USA:101,,101
2389414,85,,85
2390303,103,,103
2390631,92,,92
2390996,96,,96
2391515,95,,95
2392001,96,,96
2392533,108,,108
2393241,85,,85
2393853,92,,92
2393856,93,,93
2393876,98,,98
2393957,89,,89
2394155,96,,96
2394206,87,,87
2394293,98,,98
2394728,114,,114
2395044,115,,115
2395044,Argentina:126,,126
2395255,104,,104
2395942,100,,100
2395953,80,,80
2396028,UK:100,,100
2396028,USA:122,,122
2396330,88,,88
2396366,Australia:80,,80
2396366,Spain:90,,90
2396366,USA:83,,83
2396390,200,"(12 episodes)",200
2396390,UK:86,(feature),86
2396390,USA:61,(feature),61
2397128,113,,113
2397128,Spain:110,"(cut version)",110
2397272,101,,101
2397663,117,,117
2397781,96,,96
2398900,93,,93
2398907,88,,88
2398908,96,,96
2400037,101,,101
2400056,94,,94
2400921,100,,100
2400921,92,"(TCM print)",92
2401353,84,,84
2401441,115,,115
2401724,102,,102
2401724,Germany:97,"(TV version)",97
2401750,137,,137
2401750,USA:152,"(special edition)",152
2401750,USA:154,"(extended special edition)",154
2401814,132,,132
2402234,80,,80
2402234,USA:81,"(DVD version)",81
2402490,118,"(1998 alternate version)",118
2402490,137,"(18.7 fps)",137
2402836,83,,83
2402836,Argentina:83,"(Mar del Plata Film Festival)",83
2402907,103,,103
2403659,112,,112
2403807,105,,105
2403883,108,,108
2403883,USA:149,"(Director's cut)",149
2404002,102,,102
2404248,101,,101
2404464,102,,102
2404844,93,,93
2405097,86,,86
2405559,88,,88
2405780,91,,91
2405780,USA:85,,85
2405818,92,,92
2405835,139,"(original version)",139
2405835,171,"(special edition)",171
2405972,111,,111
2406080,99,,99
2406092,82,,82
2406259,103,,103
2406308,73,,73
2406308,Argentina:89,,89
2406458,Argentina:92,,92
2406458,France:92,,92
2406458,Germany:94,,94
2406458,Spain:90,"(DVD edition)",90
2406458,USA:96,,96
2406464,104,,104
2406475,102,,102
2406479,92,,92
2406492,99,,99
2406749,105,,105
2406808,139,,139
2406910,107,,107
2407102,83,,83
2407115,108,,108
2407308,Germany:84,,84
2407308,UK:81,,81
2407502,114,,114
2407577,117,,117
2408078,125,,125
2408096,62,,62
2408133,134,,134
2408166,100,,100
2408167,88,,88
2408389,78,,78
2408482,115,,115
2408762,117,,117
2408762,Germany:116,"(cut version)",116
2408977,112,,112
2409051,Canada:119,(Ontario),119
2409051,Spain:111,,111
2409051,USA:115,,115
2409070,114,,114
2409105,109,,109
2409402,89,,89
2409655,84,,84
2409655,Australia:89,,89
2409708,94,,94
2409717,90,,90
2409764,101,,101
2409949,129,,129
2410182,112,,112
2410273,112,"(Turner library print) (copyright length)",112
2410338,72,,72
2410484,96,,96
2410667,102,,102
2410686,80,,80
2410691,83,,83
2410916,84,,84
2410977,Germany:8,,8
2411034,99,,99
2411215,105,,105
2411361,112,,112
2411492,114,,114
2411558,68,(DVD),68
2411558,92,,92
2411762,120,,120
2411839,172,,172
2412295,92,,92
2412397,USA:17,(approx.),17
2412502,105,,105
2412514,USA:84,,84
2412518,165,,165
2412620,100,,100
2412638,91,,91
2412676,90,,90
2412686,117,,117
2412740,91,,91
2412859,114,,114
2412859,116,"(pre-release version)",116
2412879,98,,98
2412918,86,,86
2412945,89,,89
2413158,117,,117
2413168,119,,119
2413457,80,,80
2413536,98,,98
2413799,81,,81
2413948,86,,86
2413948,USA:82,,82
2414050,USA:85,,85
2414153,104,,104
2414225,133,,133
2414225,USA:148,"(extended version)",148
2414400,77,,77
2414419,129,,129
2414571,118,,118
2414595,125,,125
2414767,108,,108
2414767,"South Korea:102",(cut),102
2414877,89,,89
2415240,114,,114
2415240,UK:107,,107
2415427,125,,125
2415427,"West Germany:100",,100
2415482,90,,90
2415512,82,"(uncut version)",82
2415512,USA:70,"(TCM print)",70
2415560,89,,89
2415703,97,,97
2415723,86,,86
2415946,115,,115
2415964,161,,161
2415971,135,,135
2416139,100,"(TCM print)",100
2416189,90,,90
2416319,108,,108
2416319,Australia:106,,106
2416380,98,,98
2416410,97,,97
2416504,114,,114
2416982,30,,30
2417002,107,,107
2417002,Germany:98,,98
2417211,111,,111
2417216,96,,96
2417640,110,,110
2418230,91,,91
2418253,85,,85
2418326,104,,104
2418525,107,,107
2418525,Germany:109,"(director's cut)",109
2418557,102,,102
2418562,105,,105
2418562,USA:101,,101
2418704,113,,113
2418726,121,,121
2419706,126,,126
2419797,71,,71
2419930,Norway:75,,75
2419930,USA:76,,76
2419930,USA:78,"(uncut version)",78
2419964,98,,98
2419964,"West Germany:93",,93
2420111,119,,119
2420229,Japan:93,,93
2420229,USA:90,,90
2420761,154,,154
2420795,119,,119
2421052,118,,118
2421210,91,,91
2421254,113,,113
2421254,132,"(TV version)",132
2421550,126,,126
2421643,113,,113
2421720,124,,124
2421720,USA:98,"(R-rated version)",98
2421914,110,,110
2422396,102,,102
2422513,101,,101
2422712,88,,88
2422818,105,,105
2422979,111,,111
2422996,102,,102
2422996,Australia:97,,97
2422996,Germany:98,"(cut version)",98
2423002,84,,84
2423004,102,,102
2423044,124,,124
2423061,81,,81
2423061,Argentina:92,,92
2423072,76,,76
2423104,89,,89
2423139,112,,112
2423315,97,,97
2423437,82,,82
2423437,Japan:83,,83
2423557,101,,101
2424023,93,,93
2424038,122,,122
2424563,92,,92
2424563,Germany:85,,85
2424628,87,,87
2424628,Germany:81,"(TV version)",81
2424777,103,,103
2425159,100,,100
2425160,93,,93
2425205,106,,106
2425222,182,,182
2425640,94,,94
2425835,Spain:96,,96
2425835,USA:95,,95
2425880,96,,96
2425936,144,,144
2425936,Turkey:136,"(TV version)",136
2425966,130,,130
2426074,107,,107
2426553,150,,150
2426757,112,,112
2427282,83,,83
2427282,USA:75,"(R-rated version)",75
2427355,140,,140
2427591,108,,108
2428475,117,,117
2428555,Argentina:116,,116
2428555,USA:112,,112
2428578,100,,100
2428775,124,,124
2428934,114,,114
2429043,118,,118
2429253,122,,122
2429270,105,,105
2429271,102,,102
2429381,95,,95
2429382,109,,109
2429495,162,,162
2429506,99,,99
2429962,129,,129
2430234,122,,122
2430234,132,"(director's cut)",132
2430236,110,,110
2430482,79,,79
2430658,114,,114
2430658,Australia:110,,110
2430810,104,,104
2430959,131,,131
2431294,116,,116
2431294,Finland:112,,112
2431294,Spain:114,,114
2431451,Portugal:94,,94
2431451,UK:100,,100
2431451,UK:112,"(theatrical version) (2012)",112
2431451,USA:129,,129
2431691,97,,97
2431715,88,"(DVD version)",88
2431715,98,,98
2432016,100,,100
2432016,Norway:101,,101
2432016,Spain:95,"(DVD edition)",95
2432049,126,,126
2432285,100,,100
2432392,108,,108
2432424,108,,108
2432757,154,,154
2433039,103,,103
2433086,137,,137
2433193,Argentina:106,,106
2433193,USA:106,,106
2433314,100,,100
2433445,91,,91
2433450,90,,90
2433612,94,,94
2433613,96,,96
2433626,105,,105
2433700,69,,69
2433734,89,,89
2434036,89,,89
2434036,Australia:92,,92
2434412,83,,83
2434561,104,,104
2434664,110,,110
2434664,USA:123,"(director's cut)",123
2434795,130,,130
2434818,91,,91
2434846,99,,99
2434873,96,,96
2434873,Belgium:80,"(video version)",80
2434873,Sweden:90,(cut),90
2434963,118,,118
2435197,129,,129
2435394,Spain:96,,96
2435394,USA:100,,100
2435509,85,,85
2435520,90,,90
2435520,Canada:93,,93
2435620,97,,97
2435625,107,,107
2435697,124,,124
2435713,116,,116
2435881,115,,115
2435881,Australia:116,"(uncut version)",116
2435972,104,,104
2435974,109,,109
2435997,67,,67
2436084,74,,74
2436288,114,,114
2437007,Germany:110,,110
2437007,USA:110,,110
2437039,109,,109
2437062,91,,91
2437170,84,,84
2437277,175,,175
2437299,200,,200
2437300,162,,162
2437300,USA:169,"(video version)",169
2437320,109,,109
2437321,98,,98
2437383,95,"(24 fps) (original version: Los Angeles, California, 1925)",95
2437383,USA:72,"(1942 re-release)",72
2437383,USA:81,"(24 fps) (edited version: New York release, 1925)",81
2437434,130,,130
2437452,94,,94
2437630,USA:105,,105
2437728,138,,138
2437803,Argentina:104,,104
2437803,Brazil:104,,104
2437803,USA:103,,103
2437961,111,,111
2437988,114,,114
2438101,115,,115
2438147,106,,106
2438272,129,,129
2438272,"West Germany:108","(cut version)",108
2438279,107,,107
2438541,125,,125
2438568,172,,172
2438716,85,,85
2438760,74,,74
2438765,95,,95
2438827,160,,160
2438827,Spain:146,"(DVD edition)",146
2438866,115,,115
2438986,91,,91
2439001,176,,176
2439001,USA:185,"(roadshow version)",185
2439001,"West Germany:110",,110
2439154,152,,152
2439306,189,,189
2439451,110,,110
2439616,92,,92
2439616,Argentina:98,,98
2439860,158,,158
2439860,Sweden:156,,156
2440155,110,,110
2440247,91,,91
2440300,141,,141
2440300,Sweden:118,,118
2440300,USA:159,(re-release),159
2440300,USA:164,"(original version)",164
2440730,112,"(DVD version)",112
2440730,89,,89
2440732,112,,112
2440733,113,,113
2440733,Switzerland:112,,112
2441467,114,,114
2441476,96,,96
2441559,74,,74
2441791,88,,88
2441957,71,,71
2442181,91,,91
2442666,170,,170
2442759,130,,130
2442836,UK:112,,112
2442836,USA:102,,102
2443071,85,,85
2443099,140,,140
2443099,Germany:141,,141
2443099,Spain:146,,146
2443201,91,,91
2443214,111,,111
2443380,91,,91
2443380,Denmark:87,,87
2443403,97,,97
2443509,134,,134
2443522,106,,106
2443522,USA:111,,111
2443624,146,,146
2443655,134,,134
2443779,112,,112
2443864,117,,117
2443864,119,"(TCM print)",119
2444103,101,,101
2444128,105,,105
2444223,80,,80
2444273,94,,94
2444351,96,,96
2444539,110,,110
2444638,110,,110
2444642,100,,100
2444704,157,,157
2444722,102,,102
2445189,71,,71
2445248,109,,109
2445287,86,,86
2445390,96,,96
2445390,USA:99,"(director's cut)",99
2445527,124,,124
2445594,81,,81
2445757,94,,94
2445763,Argentina:82,,82
2445763,USA:82,,82
2445832,106,,106
2445853,91,,91
2446143,91,,91
2446151,101,,101
2446203,139,,139
2446368,78,,78
2446369,111,,111
2446421,118,,118
2446494,126,,126
2446501,113,,113
2446644,83,,83
2446778,50,"(1971 edit with new Chaplin score)",50
2446778,68,,68
2446778,Germany:54,,54
2446782,104,,104
2446984,69,,69
2447022,85,,85
2447027,141,,141
2447082,138,,138
2447114,91,,91
2447163,133,,133
2447164,87,,87
2447248,103,,103
2447823,94,,94
2447864,96,,96
2448078,111,,111
2448577,87,,87
2448585,113,,113
2448629,104,,104
2448671,163,,163
2448671,219,"(television version)",219
2448908,85,,85
2449148,118,,118
2449148,127,"(director's cut)",127
2449330,103,,103
2449498,164,,164
2449525,92,,92
2449530,116,,116
2449729,Argentina:102,,102
2449729,Spain:102,,102
2449729,UK:104,,104
2449747,112,,112
2449747,USA:117,"(director's cut)",117
2450038,107,,107
2450038,USA:140,"(director's cut)",140
2450051,94,,94
2450102,100,,100
2450102,Germany:95,"(TV version)",95
2450394,67,,67
2450589,USA:87,,87
2450945,90,,90
2451008,116,,116
2451328,89,,89
2451386,USA:86,,86
2451456,89,,89
2451832,83,,83
2451897,93,"(TCM print)",93
2451910,82,,82
2451959,72,,72
2452304,124,,124
2452580,112,,112
2452617,121,,121
2452719,97,,97
2452768,178,,178
2452910,132,,132
2452938,86,,86
2452983,106,,106
2453256,102,,102
2453314,101,,101
2453333,129,,129
2453494,88,,88
2453747,99,,99
2453777,UK:96,,96
2454098,18,,18
2454234,107,,107
2454636,128,,128
2455724,100,,100
2456019,94,,94
2456020,75,,75
2456021,120,,120
2456181,129,,129
2456218,115,,115
2456265,103,,103
2456292,104,,104
2456555,91,,91
2456557,93,,93
2456585,119,,119
2456586,125,,125
2456637,126,,126
2456741,100,"(restored version) (20 fps)",100
2456741,110,,110
2456741,Portugal:110,"(20 fps)",110
2456741,UK:101,"(theatrical version) (2012)",101
2456944,94,,94
2456944,Portugal:90,"(censored version)",90
2457168,101,,101
2457188,136,,136
2457234,89,,89
2457384,95,,95
2457395,97,,97
2457441,88,,88
2457441,Argentina:90,,90
2457464,136,,136
2458438,100,,100
2458457,100,,100
2458457,Poland:99,,99
2458634,89,,89
2458858,111,,111
2458984,126,,126
2458984,Poland:122,(DVD),122
2459227,125,,125
2459369,92,,92
2459443,77,,77
2459538,91,,91
2459856,103,,103
2459965,117,,117
2460167,Spain:57,,57
2460167,USA:57,,57
2460382,73,,73
2460383,USA:88,,88
2460384,125,,125
2460384,UK:115,(cut),115
2460402,62,,62
2460404,61,,61
2460406,67,,67
2460410,60,,60
2460419,85,,85
2460419,USA:89,"(video version)",89
2460422,95,,95
2460432,94,,94
2460492,97,,97
2461007,93,,93
2461085,85,,85
2461086,85,,85
2461096,France:98,,98
2461096,UK:93,,93
2461289,134,,134
2461289,USA:144,"(Director's Cut)",144
2461385,90,,90
2461385,"West Germany:82","(cut version)",82
2461485,140,,140
2461549,91,,91
2461598,114,,114
2461620,90,,90
2461620,Germany:86,,86
2461620,UK:89,,89
2461620,USA:89,,89
2461621,Germany:95,,95
2461621,UK:100,,100
2461621,USA:95,,95
2461650,112,,112
2462106,113,,113
2462106,123,"(Extended Edition)",123
2462112,108,,108
2462112,Germany:99,"(TV version)",99
2462153,107,,107
2462177,96,,96
2462304,93,,93
2462408,106,,106
2462515,76,,76
2462595,133,,133
2462958,107,,107
2462959,95,,95
2463037,111,,111
2463128,105,,105
2463129,97,,97
2463153,130,,130
2463153,Germany:120,,120
2463462,86,,86
2463620,100,,100
2463622,98,,98
2463624,111,,111
2463624,Germany:107,"(cut version)",107
2463946,90,,90
2463959,105,,105
2464197,115,,115
2464545,129,,129
2464635,90,,90
2464684,116,,116
2464684,Portugal:103,,103
2464699,135,,135
2464777,114,"(2005 edition)",114
2464777,91,,91
2464994,80,,80
2464994,Argentina:100,,100
2465091,101,,101
2465142,98,,98
2465145,88,,88
2465208,112,,112
2465224,113,,113
2465279,115,(re-release),115
2465279,119,(re-release),119
2465279,125,,125
2465279,132,"(original release)",132
2465279,94,"(edited television version)",94
2465279,Portugal:112,,112
2465320,129,,129
2465321,127,,127
2465773,165,,165
2465773,175,"(extended version)",175
2465893,124,,124
2465999,141,,141
2466152,129,,129
2466194,UK:113,,113
2466403,130,,130
2466489,96,,96
2466584,84,,84
2466643,100,,100
2466743,93,,93
2466743,95,"(1929 re-release)",95
2466743,Argentina:93,,93
2466743,Canada:106,(Ontario),106
2466743,UK:101,"(original release)",101
2466743,USA:107,"(DVD version)",107
2466743,USA:92,"(1995 version)",92
2466782,112,,112
2466916,121,,121
2466916,Australia:114,,114
2467141,126,,126
2467591,124,,124
2467606,104,,104
2467606,Germany:90,,90
2467655,75,,75
2467655,UK:92,"(theatrical version) (2012)",92
2467993,99,,99
2468093,121,,121
2468205,144,,144
2468209,117,,117
2468266,177,,177
2468270,122,,122
2468555,123,,123
2468663,97,,97
2469053,99,,99
2469075,132,,132
2469104,98,,98
2469496,88,,88
2469602,112,,112
2469755,98,,98
2469815,110,,110
2469819,113,,113
2470056,109,,109
2470130,82,,82
2470287,112,,112
2470444,95,,95
2470520,107,,107
2470557,129,,129
2470575,Argentina:93,,93
2470575,Australia:93,,93
2470575,USA:92,,92
2470769,104,,104
2470910,135,,135
2471102,100,,100
2471175,86,,86
2471217,128,,128
2471265,105,,105
2472087,93,,93
2472244,110,,110
2472260,94,,94
2472260,96,"(TCM print)",96
2472292,134,,134
2472391,87,,87
2472391,USA:96,"(extended cut)",96
2472393,118,,118
2472393,Australia:114,,114
2472465,78,,78
2472467,USA:77,,77
2472800,113,,113
2472807,95,"(uncut version)",95
2472807,Argentina:90,,90
2472807,Canada:93,,93
2472807,Finland:82,"(video) (1997)",82
2472807,Sweden:86,,86
2472807,UK:83,(DVD),83
2472807,USA:86,"(cut version)",86
2473007,94,,94
2473215,193,,193
2473304,79,,79
2473585,122,,122
2473638,108,,108
2473798,89,,89
2473917,118,,118
2474020,136,,136
2474065,108,,108
2474100,100,,100
2474100,USA:98,"(edited version)",98
2474705,79,,79
2474705,USA:83,"(extended version)",83
2474742,154,,154
2474783,Germany:106,,106
2474783,USA:109,,109
2474888,101,,101
2475103,87,,87
2475166,116,,116
2475195,Spain:108,,108
2475195,UK:103,,103
2475195,USA:103,,103
2475387,117,,117
2475387,Argentina:118,,118
2475423,97,,97
2475442,77,,77
2475680,98,"(2000 restored version)",98
2475680,Sweden:115,,115
2475682,135,,135
2475939,101,,101
2476119,120,,120
2476201,France:80,,80
2476233,119,,119
2476335,88,,88
2476415,60,,60
2476422,95,,95
2476484,101,,101
2476743,82,,82
2476750,103,,103
2477259,97,,97
2477403,108,,108
2477403,Canada:93,"(edited version)",93
2477524,91,,91
2477525,104,,104
2477653,142,,142
2477732,138,,138
2477894,119,"(cut) (European version)",119
2477894,142,(cut),142
2477894,146,"(original version)",146
2477986,104,,104
2477986,France:89,,89
2477986,USA:89,,89
2478017,99,,99
2478105,93,,93
2478286,116,,116
2478414,118,,118
2479024,107,,107
2479029,107,,107
2479085,USA:77,"(Hypercube restored version)",77
2479134,106,,106
2479393,146,,146
2479393,USA:127,,127
2479418,77,,77
2479771,114,,114
2479989,68,"(1969 alternate version)",68
2480294,174,,174
2480359,USA:50,,50
2480499,110,,110
2480572,110,,110
2480579,82,,82
2480764,83,,83
2480924,117,,117
2481073,125,,125
2481073,Sweden:123,"(cut version)",123
2481424,109,,109
2481424,Argentina:110,,110
2481584,115,,115
2481584,UK:100,"(2004 DVD release)",100
2481584,UK:110,"(2001 DVD release)",110
2481636,Canada:90,,90
2481665,129,,129
2482169,95,,95
2482282,112,,112
2482834,94,,94
2482876,97,,97
2482887,114,,114
2482925,81,,81
2482925,Argentina:85,,85
2482984,110,,110
2483077,100,,100
2483187,122,,122
2483470,Argentina:90,,90
2483470,Germany:90,,90
2483470,UK:89,,89
2483470,USA:90,,90
2483519,112,,112
2483674,79,,79
2483838,104,,104
2483957,139,,139
2484054,122,,122
2484082,100,,100
2484104,87,,87
2484104,Germany:81,"(TV version)",81
2484656,107,,107
2484852,98,,98
2484853,101,"(original uncut version)",101
2484853,Canada:89,"(Ontario) (cut)",89
2484924,101,,101
2485001,103,,103
2485008,91,,91
2485013,170,,170
2485015,109,,109
2485041,87,,87
2485041,USA:81,"(re-issue version)",81
2485041,USA:85,"(original US 16 mm television syndication prints)",85
2485156,104,,104
2485156,USA:93,,93
2485163,119,,119
2485237,100,,100
2485256,102,,102
2485257,113,,113
2485327,USA:71,,71
2485393,105,,105
2485547,91,,91
2485620,99,,99
2485682,77,,77
2485831,82,,82
2485971,UK:81,,81
2485971,USA:81,,81
2486246,165,,165
2486283,87,,87
2486283,Argentina:87,"(Mar del Plata Film Festival)",87
2486283,Canada:78,,78
2486283,Japan:92,,92
2486283,USA:78,"(R-rated version)",78
2486283,USA:82,"(unrated version: Directors Cut)",82
2486285,96,,96
2486285,Norway:102,"(Unrated Director's Cut)",102
2486285,USA:103,"(unrated version)",103
2486286,102,"(director's cut)",102
2486655,84,,84
2486655,Argentina:85,,85
2486817,126,,126
2487055,94,,94
2487095,108,,108
2487210,99,,99
2487295,9,,9
2487366,103,,103
2487415,97,,97
2487653,91,,91
2487726,94,,94
2487884,137,,137
2488034,93,,93
2488034,Argentina:92,,92
2488034,Australia:91,,91
2488034,France:91,,91
2488034,UK:91,,91
2488227,171,,171
2488375,88,,88
2488990,119,,119
2489145,106,,106
2489362,100,,100
2489534,100,,100
2489627,129,,129
2489677,99,,99
2490074,97,,97
2490074,Germany:90,"(TV version)",90
2490655,85,,85
2490779,88,,88
2490945,126,,126
2490998,96,,96
2491016,98,,98
2491020,119,(DVD),119
2491020,123,,123
2491068,85,,85
2491349,90,,90
2491493,118,,118
2491565,119,,119
2491565,Spain:120,,120
2491802,USA:3:57,,57
2491830,95,,95
2492491,98,,98
2492509,111,,111
2492644,101,,101
2492725,USA:145,,145
2492771,93,,93
2493094,102,,102
2493184,117,,117
2493184,"West Germany:105",,105
2493193,108,,108
2493193,Turkey:95,"(TV version)",95
2493239,98,,98
2493444,101,,101
2493503,70,,70
2493709,88,,88
2493775,133,,133
2493900,106,,106
2493900,Germany:102,,102
2494140,128,,128
2494739,105,,105
2494787,30,,30
2494814,121,,121
2494890,115,,115
2494910,103,,103
2494924,115,,115
2495198,99,,99
2495779,130,,130
2495820,94,,94
2496353,119,,119
2496353,Turkey:107,"(TV version)",107
2496353,USA:130,"(extended cut)",130
2496608,98,,98
2496767,92,,92
2496783,98,,98
2496840,129,"(original version)",129
2496840,USA:120,"(current version)",120
2497211,100,,100
2497303,115,,115
2497412,92,,92
2497499,98,,98
2497612,98,,98
2498040,Canada:119,,119
2498040,Japan:121,,121
2498143,82,,82
2498578,100,,100
2498766,85,,85
2499216,63,,63
2499216,Spain:55,,55
2499368,117,,117
2499488,114,,114
2499704,113,,113
2499704,Germany:105,"(German version)",105
2499704,USA:104,,104
2499854,115,,115
2499970,98,,98
2500022,93,,93
2500735,Spain:87,,87
2500735,UK:86,,86
2500735,USA:86,,86
2500886,130,,130
2500912,115,,115
2501253,99,,99
2501343,99,,99
2502098,94,,94
2502334,101,,101
2502501,75,,75
2503087,116,,116
2503087,Japan:103,"(original release)",103
2503087,USA:110,,110
2503342,101,,101
2503584,99,,99
2503810,135,,135
2503827,112,,112
2504015,85,,85
2504449,94,,94
2504464,98,,98
2504469,194,,194
2504794,162,,162
2504995,99,,99
2505066,106,,106
2505110,106,,106
2505110,Argentina:110,,110
2505183,93,,93
2505263,129,,129
2505515,105,,105
2505595,109,,109
2506826,101,,101
2507383,87,,87
2507383,Argentina:87,"(Mar del Plata Film Festival)",87
2507620,Argentina:115,,115
2507620,Sweden:126,,126
2507620,UK:125,,125
2507620,USA:115,,115
2507690,128,,128
2507690,USA:121,"(director's cut)",121
2507787,97,,97
2508020,130,,130
2508020,USA:134,"(director's cut)",134
2508085,111,,111
2508103,97,,97
2508265,119,,119
2509455,110,,110
2509481,101,,101
2509481,USA:81,"(re-release) (re-edited version)",81
2509643,127,"(edited version)",127
2509643,143,,143
2509643,Portugal:125,,125
2509799,160,,160
2509841,144,,144
2509841,160,"(Extended Japanese Edition 2009)",160
2509841,Japan:149,,149
2509841,UK:137,,137
2510141,128,,128
2510141,France:126,,126
2510141,Germany:126,,126
2510141,Netherlands:118,,118
2510661,111,,111
2510683,113,,113
2511051,96,,96
2511131,111,"(restored version)",111
2511131,95,,95
2511131,Germany:111,"(1998 alternate version)",111
2511131,Spain:106,"(DVD edition)",106
2511131,USA:108,"(1975 alternate version)",108
2511131,USA:112,"(director's cut)",112
2511307,104,,104
2511419,USA:85,,85
2512048,81,,81
2512048,Turkey:74,"(TV version)",74
2512050,92,,92
2512050,Turkey:82,"(TV version)",82
2512132,118,,118
2512132,122,"(FMC Library Print) (dvd release)",122
2512542,116,,116
2513057,89,,89
2513082,103,,103
2513237,94,,94
2513519,80,,80
2514865,101,,101
2514980,Italy:116,,116
2515489,95,,95
2515573,86,,86
2516147,98,,98
2516166,107,,107
2516358,89,,89
2516406,98,,98
2517067,94,,94
2517305,USA:116,,116
2517391,93,,93
2517414,91,,91
2517415,98,,98
2517416,99,,99
2517491,France:123,,123
2517491,Germany:120,,120
2518007,83,,83
2518391,127,,127
2518423,128,,128
2518451,141,,141
2518541,120,,120
2518541,USA:121,"(unrated director's cut)",121
2518736,107,,107
2518905,106,,106
2519338,96,,96
2520062,105,,105
2520326,102,,102
2520706,99,,99
2520712,100,,100
2520896,86,,86
2521170,Sweden:96,,96
2521170,USA:97,,97
2521605,12,,12
2521652,129,,129
2521851,94,,94
2521986,111,,111
2522004,135,,135
2522027,99,,99
2522182,100,,100
2522318,113,,113
2522447,85,,85
2522562,102,,102
2522562,USA:99,,99
2522618,108,,108
2522618,Spain:109,,109
2522651,USA:10,"(DVD version)",10
2522674,84,,84
2522758,96,,96
2522948,104,,104
2522957,118,,118
2523180,87,,87
2523180,Argentina:90,,90
2523180,UK:84,,84
2524414,125,,125
2524549,116,,116
2524640,131,,131
2524696,99,,99
2525819,113,,113
2525874,Argentina:116,,116
2525874,Germany:100,,100
2525874,Italy:117,,117
2525874,Portugal:91,,91
2525874,USA:94,,94
2527825,108,,108
2528355,102,,102
2528406,USA:90,,90
2529538,82,,82
2529538,Argentina:94,,94
2529538,Romania:94,,94
2531186,102,,102
2531311,117,,117
2531311,"West Germany:111",,111
2531457,103,,103
2531460,100,,100
2531460,Germany:92,"(16-rated version)",92
2531488,110,,110
2531488,USA:111,(TV),111
2531770,98,,98
2532030,170,,170
2532030,320,"(director's cut)",320
2532030,USA:167,,167
2532198,80,,80
2532198,Portugal:87,"(director's cut)",87
2532812,80,,80
2533425,117,,117
2533451,131,,131
2533461,57,,57
2533625,Argentina:102,,102
2533625,UK:105,,105
2533625,USA:103,,103
2533992,102,,102
2533992,Germany:84,"(TV version) (heavily cut)",84
2533997,83,,83
2534991,93,,93
2536738,73,,73
2536827,124,,124
2537109,115,,115
2537149,86,,86
2537704,99,,99
2537710,97,,97
2537793,103,,103
2537793,Argentina:106,"(Mar del Plata Film Festival)",106
2538575,135,,135
2539567,98,,98
2540772,100,,100
2540794,108,,108
2540794,Argentina:106,,106
2540794,Germany:104,"(cut version)",104
2541368,119,,119
2541694,106,,106
2541694,Germany:100,,100
2542489,93,,93
2542878,124,,124
2543337,108,,108
2543337,Canada:110,,110
2544143,23,,23
2544156,Canada:88,,88
2544156,USA:88,,88
2544531,128,,128
2544531,USA:129,"(1996 restored version)",129
2544594,100,,100
2545159,Argentina:95,,95
2545159,Netherlands:93,,93
2545159,Portugal:95,,95
2545159,USA:91,,91
2545380,99,,99
2545754,132,,132
2547352,77,,77
2547353,99,,99
2547971,88,,88
2548449,106,,106
2548478,99,,99
2550559,104,,104
2550858,107,,107
2551701,155,,155
2551701,USA:182,"(video version)",182
2551718,105,,105
2553800,97,,97
2554203,84,,84
2554361,124,,124
2554662,91,,91
2554662,Argentina:92,,92
2554699,105,,105
2554996,100,,100
2554996,USA:100,"(1997 reissue)",100
2554996,USA:95,"(original version)",95
2555100,86,,86
2555555,81,,81
2555555,USA:80,,80
2556055,58,,58
2556271,95,,95
2556792,France:103,,103
2556792,USA:101,,101
2557229,115,,115
2558123,101,,101
2558123,Brazil:92,,92
2558138,135,,135
2558138,USA:176,"(director's cut)",176
2558441,94,,94
2558443,95,,95
2559217,72,,72
2559249,101,,101
2559249,UK:106,,106
2559529,102,,102
2559855,97,,97
2560159,94,,94
2560564,103,,103
2560598,Argentina:97,,97
2560598,France:106,"(Cannes Film Festival)",106
2560598,UK:97,,97
2560616,88,,88
2561165,94,,94
2561419,105,,105
2561419,Argentina:105,"(Buenos Aires Festival Internacional de Cine Independiente)",105
2561516,152,,152
2561802,88,,88
2562193,99,,99
2562411,113,,113
2562421,101,,101
2562422,134,,134
2562422,Argentina:135,,135
2562503,91,,91
2562822,130,,130
2562929,105,,105
2563410,118,,118
2563451,USA:30,,30
2563697,112,,112
2563736,94,,94
2564194,96,,96
2564194,Turkey:89,"(TV version)",89
2564560,94,,94
2564560,Argentina:93,,93
2564828,89,,89
2564953,126,,126
2565487,158,,158
2565814,96,,96
2565851,120,,120
2565873,89,,89
2565985,Argentina:101,,101
2565985,Germany:95,,95
2565985,USA:97,,97
2566203,103,,103
2566262,82,,82
2566626,120,,120
2566626,UK:115,,115
2566895,89,,89
2566918,115,,115
2566918,USA:118,"(VHS version)",118
2567049,101,,101
2567099,129,,129
2567258,92,,92
2567467,104,,104
2567890,131,,131
2567937,94,,94
2568399,116,,116
2568931,88,,88
2569037,Argentina:102,,102
2569037,Canada:102,(Ontario),102
2569037,Spain:102,,102
2569037,UK:101,,101
2569037,USA:101,,101
2569556,106,,106
2569583,98,,98
2569814,105,,105
2569938,108,,108
2569938,115,"(Unrated Edition)",115
2570013,106,,106
2570133,118,,118
2570785,126,,126
2570825,100,,100
2570825,"West Germany:89","(theatrical version)",89
2571171,96,,96
2571296,100,,100
2571358,144,,144
2571413,France:50,,50
2571413,USA:40,,40
2571635,25,,25
2572280,101,,101
2572301,109,,109
2572478,90,,90
2572635,82,,82
2572655,105,,105
2572675,103,,103
2572978,107,,107
2573045,117,,117
2573168,112,,112
2573677,125,,125
2574016,92,,92
2574613,107,,107
2574730,108,,108
2574824,84,,84
2575313,113,,113
2576718,87,,87
2576852,China:113,,113
2576852,USA:113,,113
2577062,USA:113,,113
2577075,191,,191
2577075,USA:212,"(extended edition)",212
2577314,104,,104
2577428,81,,81
2578162,USA:123,,123
2578330,"Hong Kong:86",,86
2578330,Japan:87,,87
2578330,USA:90,,90
2578392,92,,92
2579662,Brazil:100,,100
2579662,USA:100,,100
2579702,Canada:108,,108
2580276,106,,106
2580619,90,,90
2580619,USA:85,,85
2581228,106,,106
2581428,124,,124
2581836,105,,105
2582703,126,,126
2582995,USA:84,,84
2583382,119,,119
2583601,96,,96
2583633,106,,106
2583695,107,,107
2583701,104,,104
2583966,109,,109
2584115,80,,80
2584115,USA:83,,83
2584311,100,,100
2585064,113,,113
2585064,Argentina:115,,115
2585507,110,,110
2586057,93,,93
2586756,Poland:92,,92
2587077,USA:83,,83
2587740,108,,108
2587786,116,,116
2587976,98,,98
2590181,95,,95
2591814,97,,97
2592334,104,,104
2592963,104,,104
2592963,USA:83,(re-release),83
2592963,USA:97,,97
2593112,Germany:85,,85
2593112,USA:83,,83
2593313,111,,111
